0.391943
0.290845
0.644042
1.34267
0.273174
0.463125
0.26803
1.18024
0.348257
0.227317
2.17915
0.469834
0.472162
0.564991
0.546998
0.359187
0.341979
0.385875
0.829259
0.371608
0.728958
0.365759
0.52985
0.831703
0.577722
0.550919
0.399844
0.316206
0.436331
1.1189
0.440571
0.58579
0.657502
0.473741
0.675148
0.584164
0.377744
1.13796
4.09366
0.255758
0.766196
0.789836
0.505945
0.584871
0.937704
0.603217
0.275384
0.752747
0.283354
0.598501
0.275069
0.722996
0.689989
0.437788
0.266236
0.491388
0.216956
0.277869
0.88219
1.18927
0.315291
0.405402
0.90994
1.92979
1.1484
0.657557
0.295061
0.359219
0.425967
0.47999
0.252865
0.376087
1.10797
1.61672
0.724929
1.80092
0.861436
0.256949
0.368261
0.617036
0.351753
0.397819
0.999158
0.91362
0.306626
0.457655
0.50634
1.40496
0.933984
0.915116
0.65616
0.191096
0.260395
0.731728
0.370961
0.731728
0.584826
0.290442
0.279519
0.468057
0.545871
1.26218
1.10761
1.0952
0.16756
0.575975
0.580704
0.707576
1.04011
0.608726
0.461778
0.494289
0.394355
0.702786
0.668641
0.17781
0.221163
0.550208
1.11145
0.604939
2.10511
3.40331
0.438201
0.834069
0.7675
1.12125
0.486581
0.795832
0.536103
0.564085
0.344047
0.680452
0.868173
0.505015
0.349006
1.7261
0.629323
0.626133
1.0513
0.436566
0.451744
0.383428
0.549135
0.542698
0.465899
0.17524
0.52198
0.236328
0.915631
1.4284
1.18481
2.13691
0.969368
0.482965
0.261972
0.968533
0.689609
0.276671
3.56887
0.265845
0.641737
0.471429
0.330196
1.10407
0.66627
3.18548
0.841528
0.387138
0.81466
0.54902
0.286951
0.924198
0.59297
0.408999
1.90831
0.443922
0.371119
0.527382
0.922343
3.26677
0.417674
0.32273
0.255367
0.310521
0.580061
1.47222
0.580061
0.66556
0.346299
0.455066
0.577849
1.23635
0.689924
0.469765
0.211115
0.547094
0.491229
0.536322
0.538086
0.492857
0.389032
0.635941
0.388947
0.666789
0.340565
0.340408
0.295456
5.81928
0.638186
0.639296
0.549658
0.715067
1.95395
0.720046
0.466678
0.486044
0.227597
0.483327
0.854706
1.55471
1.44246
1.79041
0.843906
2.32082
0.417997
0.250153
0.650444
0.435572
0.387261
0.423114
0.191888
0.455799
0.225341
0.195074
0.308928
0.380397
0.307237
0.406127
0.48467
0.737208
0.57366
1.05438
2.1825
0.834221
0.952307
0.488385
0.294163
1.42675
0.179929
0.494603
0.494432
0.347244
0.583191
0.347244
0.287847
0.448681
1.2735
0.196774
0.292457
0.424554
0.920735
1.36952
0.374365
0.54126
1.17824
0.31901
0.543801
0.90358
0.305584
0.349153
0.723728
0.482179
0.204286
0.529263
0.822994
0.518925
0.1857
0.288395
0.448425
0.531568
0.453786
0.507457
0.185074
0.507457
1.94391
0.539869
0.370109
1.48906
0.508942
1.36914
0.258554
1.20996
1.38622
1.08921
0.512431
0.969433
0.323035
0.875532
0.25178
0.401985
0.259479
0.463599
1.57351
0.681068
0.57452
0.681068
1.34864
0.333981
0.579078
0.373878
0.176004
0.422266
0.444624
0.277349
0.271399
0.513629
0.862783
1.46728
0.328808
0.728978
0.794244
0.728978
0.17214
0.255503
0.393706
0.681346
0.567234
1.33728
0.298261
0.320492
0.327387
0.38962
0.460627
1.21151
0.819835
0.465355
0.231333
0.676271
4.59488
0.470712
0.564497
0.169899
1.0179
1.03067
0.759003
0.843253
0.59581
1.0564
0.412935
1.62115
0.690002
0.669543
0.469697
3.02256
0.187761
2.18308
0.484532
0.509386
0.487513
0.708194
0.533725
0.209867
0.870289
0.461256
0.345311
0.780735
0.693017
0.721618
1.07037
0.318448
0.601134
0.319708
1.33587
0.612746
0.757541
6.27853
0.375863
0.39923
0.305178
1.95633
1.0414
0.879703
0.518059
0.619761
0.850171
0.249275
1.12534
0.460056
0.966324
0.410992
1.06368
0.210642
0.420552
1.01748
0.360004
0.89343
0.556006
2.29993
0.282623
0.433604
0.39507
0.522952
0.313452
0.408717
0.492962
1.05655
1.21829
0.555462
0.272204
0.585197
0.208221
0.271032
0.560503
0.957804
0.383862
0.408344
0.319484
0.711372
0.372092
1.6188
1.69864
1.41015
0.915728
1.13008
0.197114
0.991394
0.844453
0.62653
0.983078
0.479015
0.976307
0.791351
0.373022
0.500094
0.922593
0.455578
1.06208
0.656055
0.5993
0.555183
0.424113
0.799665
0.475738
0.442146
0.758073
0.738774
0.597805
0.574482
0.306693
0.574482
1.38628
0.451681
0.713906
1.00851
1.00463
1.3487
0.209974
1.22415
0.800589
0.41492
1.61663
0.292497
0.53944
0.358885
1.47412
0.486744
0.914724
0.912905
0.914724
0.592522
0.448413
0.628482
0.596654
2.33069
0.855459
0.391448
0.238148
0.478688
0.399838
1.11099
0.27112
1.06877
0.423881
0.298794
0.815427
0.301517
0.389831
1.03889
0.286186
0.645576
0.64554
0.783542
0.628742
0.693222
1.82729
1.28786
0.268317
0.652378
0.371305
0.267878
0.555348
0.839102
0.781891
0.594464
0.478264
0.54001
0.378068
0.426793
0.638769
0.25123
0.277815
3.30248
0.341799
0.420573
0.557734
1.02469
0.256026
0.389509
1.05172
0.562221
0.814413
1.19942
1.14091
0.552996
0.265375
0.65413
0.510021
0.27511
0.642427
0.906434
0.815384
0.987812
0.634955
1.63821
0.399779
0.608188
4.37013
0.929662
1.04903
1.12501
0.392162
0.552448
0.670655
0.396607
0.183891
0.38633
0.320714
1.44643
0.465457
3.31726
0.694107
0.606211
0.239457
0.346746
0.522728
1.25153
0.258886
0.616957
0.3112
0.679185
0.473971
0.61254
0.421369
0.693525
1.45902
0.569704
0.582693
0.399979
0.409117
0.420867
0.588405
0.460968
0.427705
1.982
0.588705
0.509071
1.19617
0.337438
0.457374
1.11579
0.468788
0.609412
0.238768
0.561611
0.345296
0.246442
1.22358
0.571684
1.24465
0.276481
0.561424
0.648411
0.414813
0.243108
0.522235
0.934453
0.776244
0.64266
0.577889
0.763478
0.360566
0.555837
0.306315
0.72838
0.789862
0.388084
0.71129
0.440221
1.68063
0.625693
0.55062
0.560045
0.936695
1.01462
0.739827
1.07372
0.649526
0.689986
1.1931
1.95092
1.71224
1.84105
0.703042
0.438377
0.258179
0.610648
0.507428
0.994451
0.575248
0.652736
0.338961
0.474781
0.48576
0.514813
0.746191
0.405984
0.215879
0.249664
0.531539
0.613591
0.522881
0.746518
0.542073
0.33076
1.12442
0.705581
0.312876
0.271402
0.338234
0.482121
0.623482
0.361226
1.30517
1.06976
0.518846
2.76075
0.21588
0.655832
0.329207
0.308595
0.380376
0.422234
0.364396
0.639446
0.317513
0.335134
0.458974
0.181718
1.61885
0.659486
0.363887
0.187741
0.279802
1.66639
0.277148
0.921702
1.31232
0.640428
0.571141
0.525424
0.478564
2.98982
0.741311
0.31835
0.480157
0.425263
0.319598
0.902477
0.892236
1.38189
0.867667
0.588348
0.279483
0.50153
0.496239
0.933088
1.33678
0.472445
0.244739
0.261076
0.644444
0.292504
0.2053
0.290426
0.367107
1.27101
0.152482
0.825778
0.448223
0.447997
0.620672
2.13367
1.05747
0.460059
0.548385
0.601329
0.277255
0.426678
0.277255
0.286701
1.34614
2.42718
0.494944
0.32161
0.504914
0.632508
0.320389
0.556647
0.794968
0.190348
0.603816
0.658034
0.522103
0.48147
0.574885
1.36609
0.502325
0.310754
0.41662
0.70354
0.41662
2.25218
0.271029
0.349768
0.624488
0.503509
1.38153
0.397411
0.740397
0.551994
0.463646
0.412077
0.570944
0.640164
0.7526
0.615281
0.729745
2.7161
6.41741
0.356468
1.12936
0.729902
0.441364
0.399053
0.247656
0.734829
0.420903
0.818731
1.18943
0.831158
0.42009
0.370417
0.461781
0.3522
0.467433
1.21886
0.398883
0.274658
0.380543
1.72129
2.34517
0.705254
1.3748
0.53472
0.523866
0.332783
0.38701
0.670585
0.304806
0.255468
0.378557
0.260698
0.386343
0.589235
0.760741
0.17056
0.334985
1.45665
0.304068
0.863412
0.58668
0.576862
0.570954
0.386048
1.14544
0.415629
0.643491
1.76778
0.190639
0.404274
0.232957
0.490891
0.314599
2.73003
2.35037
0.561132
0.536655
0.226036
0.349886
0.433514
1.3904
0.251616
0.974269
0.244515
0.786292
0.172819
0.586565
1.16471
4.03738
0.342529
0.343054
0.79394
0.510235
0.642168
0.631047
0.898714
0.375633
0.579219
1.05973
0.385155
0.274318
0.479747
0.626713
1.26222
0.389058
0.486753
0.728695
0.679648
0.845449
3.08296
0.53034
1.02398
1.11335
0.722484
0.271214
0.63005
0.365824
0.859584
0.517188
0.555368
0.378974
1.02699
0.798248
0.411249
0.305837
0.338124
0.375501
0.644232
0.27097
0.418038
0.283362
0.991457
0.854834
1.41805
1.04381
0.523357
0.393314
0.228417
0.64843
0.780757
0.956333
0.266565
0.597682
1.84027
0.43307
0.45864
0.261488
0.470773
0.691978
0.412046
0.295386
0.335306
0.464205
0.944871
0.659365
0.364199
1.82133
0.814032
0.232778
0.858152
0.367758
1.97359
0.413497
1.1052
0.444661
0.391949
0.503359
0.846927
1.56732
0.547391
0.302619
0.318116
1.27157
0.344882
0.458436
0.630126
0.775342
0.351381
0.475761
1.60512
0.280096
0.522594
1.03189
0.881179
0.502449
1.15461
0.526944
0.67891
0.339687
0.273819
0.437151
2.30886
3.5116
0.852613
0.435699
0.229334
0.364808
0.980234
0.404494
1.03033
0.325164
0.625306
0.555877
0.290722
0.301382
0.69703
0.723692
0.810429
0.57625
0.198932
0.33801
0.696152
0.389488
0.58179
0.160351
0.300251
0.30015
0.824603
0.453131
0.631813
1.84594
0.628561
0.205123
0.33312
0.71633
1.97915
0.318242
0.751293
0.443357
9.84233
0.634292
0.805224
0.742076
1.42979
0.340759
0.449965
1.66073
1.03713
0.252111
0.941569
0.946232
0.538972
0.545238
1.22438
5.08956
0.358896
1.50905
3.73631
1.01349
0.800837
0.796516
1.06554
1.29569
0.492765
0.896347
0.478467
0.553687
0.464493
0.411591
0.445628
0.826772
0.384533
1.00376
0.337575
1.3364
1.56766
0.600205
1.40104
0.644994
0.588091
0.432486
0.979794
0.674131
0.979794
1.27556
0.362185
0.293456
0.275522
0.361038
0.667318
0.364036
0.428958
0.257384
0.905556
0.394062
0.335169
0.513267
0.630639
0.136116
0.427037
0.504003
3.47804
0.311706
0.414059
0.595311
0.563441
1.28578
2.48118
0.462815
2.14917
0.510975
0.278347
1.6159
0.639981
0.295626
1.62147
0.569765
0.485616
0.251858
1.07777
2.89368
0.488295
0.442743
0.433489
0.44362
0.48371
0.262102
0.180674
0.5161
1.60253
0.643234
1.64243
0.578714
0.514759
0.427154
0.439076
0.725208
0.764325
0.716681
1.13801
0.144316
0.330813
0.265277
0.529989
0.335247
0.809437
0.409501
0.43532
1.19699
0.516644
0.330172
0.495217
0.367127
0.551654
0.748997
3.42848
0.609154
0.875504
0.387307
0.59769
0.833975
0.244351
0.6812
0.474668
0.420237
6.2283
1.71788
0.405247
0.232263
0.54413
0.498123
0.410972
0.892171
0.589301
0.936469
0.205134
0.71569
0.77918
0.651095
0.389046
0.363787
3.20802
0.334101
0.468347
0.307869
0.340471
0.619769
0.422578
0.467603
0.312957
0.19352
1.72166
0.29497
0.746401
0.679975
0.515151
0.455706
0.409745
0.22082
0.602331
0.943982
0.537336
0.481705
0.234324
0.43051
0.468721
0.397251
0.469967
1.19933
0.973578
0.786927
0.531549
0.388391
1.84831
0.906242
0.501542
0.529991
0.481455
0.598861
0.37166
0.84301
0.513194
0.575422
3.55563
0.281948
0.406618
0.480562
0.436339
0.795447
0.772694
0.362977
0.641694
0.697931
0.206213
0.379394
1.42091
1.48687
0.849683
0.259763
0.753791
0.542162
0.327915
0.662125
0.858306
1.49082
0.852253
0.428246
0.38321
0.193247
0.452743
0.353102
1.21891
0.4558
0.377833
0.208919
0.308479
0.378016
0.619383
0.81582
0.368636
0.295889
0.537251
4.7577
0.270039
0.4607
0.248553
0.42102
0.90881
0.258315
0.501565
1.75219
0.538682
0.688387
0.555573
0.37064
0.379078
0.67116
0.542988
0.366705
0.361774
0.939012
0.58398
0.456854
0.592818
0.339797
0.367444
0.235744
0.661675
3.16814
1.07374
0.475364
1.28669
0.339374
0.205227
0.339374
0.601125
0.496543
0.619475
1.09102
0.203122
0.571016
1.25388
0.392206
1.05869
0.264711
0.433112
0.616172
0.289806
0.272727
0.639637
0.684049
0.202682
0.795403
0.271558
0.577826
0.369189
0.685009
0.930963
0.274224
1.83981
0.528823
0.3662
0.790086
1.30202
0.777882
1.30202
1.1702
0.469426
0.216969
0.919757
0.599446
0.692187
0.416948
0.255323
0.299748
0.523469
0.235417
0.853048
0.431375
0.639602
0.274788
0.524119
1.09832
1.17847
0.583422
0.742267
0.566855
0.453979
0.305672
0.738356
0.235722
0.639817
0.150615
0.538088
0.750875
2.32489
0.358901
1.01158
0.302868
0.427677
0.419031
0.388157
1.39267
0.87784
1.05308
0.626603
1.15546
0.323727
1.44101
0.177557
0.532758
0.369478
0.408202
0.401991
0.31007
0.369615
0.521213
0.526963
0.324267
0.79252
1.35347
0.512918
0.319276
0.902974
0.652156
1.1141
0.360264
0.418132
0.314875
0.421378
0.38541
7.56035
0.358014
5.63156
0.446632
0.560709
0.469604
0.957993
0.363543
0.69358
0.403006
0.239204
0.450581
0.481375
0.651982
0.45551
0.8952
0.958256
0.660918
0.426099
0.425627
0.667825
0.35345
0.911833
0.565182
1.00372
1.48625
0.481402
0.454339
0.80506
0.454339
0.591275
0.96137
0.329019
0.726876
0.575685
0.467008
0.334323
0.867897
0.965228
0.43314
0.615984
1.46954
1.22231
3.00489
0.399845
0.270027
0.326533
0.441252
0.884674
0.263101
0.496177
0.771653
0.35213
0.358792
0.346919
0.315604
0.922788
0.454423
3.29758
0.619532
1.34695
1.17071
0.63173
0.495215
0.380415
1.07667
0.350594
0.515888
0.319554
1.00988
0.362049
1.02612
0.5122
0.362696
0.320653
1.43977
0.644427
0.288681
0.624645
0.70576
0.490301
0.864083
0.187292
0.405199
0.520932
0.334979
1.50924
0.183633
0.667287
1.03624
0.47503
0.36214
2.90898
0.333409
1.17773
0.334899
0.428899
0.385278
1.08833
0.272281
0.475357
0.463896
0.29086
0.470901
0.444024
0.585622
1.3822
1.17626
0.704056
0.863795
0.304334
0.397595
0.452479
0.328648
0.478997
0.592471
1.24933
0.374678
0.199125
0.374678
0.227069
0.400401
0.852125
0.488432
0.300059
0.496099
0.449925
0.407891
0.455621
0.470024
0.669261
0.316345
0.431898
0.259553
0.393588
0.249924
1.00208
0.142357
1.30377
0.894766
0.676313
0.413676
0.139151
0.23777
0.4889
0.783097
0.278786
0.338351
1.07416
0.715337
0.48279
0.381245
0.935143
0.585953
0.840576
0.27636
0.18329
1.65893
1.02839
0.920893
0.206822
0.331208
0.554419
0.345852
1.41383
0.218738
0.467667
0.299499
0.238163
0.876158
0.623974
0.467341
1.30611
0.501015
1.34986
0.394103
1.02178
0.404811
0.174875
0.555377
0.691478
0.648494
0.877668
0.270463
1.63721
0.326174
1.5792
0.370183
0.332882
0.587393
0.962034
0.682758
3.16828
0.621985
0.262867
0.949838
0.828359
0.315708
2.7355
0.504518
1.09312
0.740153
0.702007
1.27691
0.372877
0.736099
0.314441
0.399479
0.499255
0.444039
0.279221
0.614155
1.6752
0.228292
0.641941
0.381181
0.703291
1.97173
0.525836
0.738101
0.360566
0.247126
0.899804
0.61176
0.899409
0.852121
1.00879
0.674146
0.704133
0.380118
0.389388
4.81869
0.650121
0.886991
0.723936
0.266127
8.00815
0.371607
0.625107
0.203684
0.704785
0.614257
0.845118
0.692147
1.27978
0.462597
0.535118
1.21402
2.48303
0.279184
1.16186
1.31608
0.476888
0.94092
1.01094
0.94092
0.898434
0.365322
0.239151
0.507703
0.417288
0.659666
0.836605
1.05739
0.938944
0.729298
0.659126
0.263692
1.07852
0.341896
0.617683
0.218903
0.522401
0.702434
0.439973
0.848496
0.352661
0.549806
0.647491
0.447185
0.499438
0.873392
0.288069
0.232351
0.485461
1.14708
1.63333
0.635797
1.63333
0.513266
0.334064
1.7911
0.296085
0.832665
1.16026
0.563354
1.28494
0.394475
0.643028
0.893912
0.794494
0.42833
0.794494
0.285224
0.192647
1.06024
0.604593
0.311409
0.689142
0.816236
0.654862
0.567975
1.72464
0.994371
0.986092
0.615993
1.2776
0.248696
0.544333
0.518378
0.68374
0.750231
0.611473
0.188867
0.469556
0.207094
0.622849
0.315657
0.460421
0.981637
1.8988
1.0273
2.32253
0.418716
0.414309
0.943591
0.463653
0.294058
0.336374
0.152739
0.554138
0.218586
0.909402
0.387735
0.554765
0.28204
0.554765
0.300908
0.784717
1.57305
0.470014
0.649827
1.27337
0.268872
0.296716
0.747765
0.629512
0.977266
0.433774
1.01164
1.35824
0.346627
0.301941
0.282174
0.81718
0.501706
1.16691
0.702471
1.03012
0.533398
1.22645
0.205015
0.422215
0.856048
0.488761
0.525452
0.711465
0.361722
0.29028
0.743423
0.719293
0.222653
0.495341
0.689595
0.268056
0.405254
0.201087
0.348851
0.371789
0.404253
0.597468
0.670512
0.450964
0.263495
0.266277
0.618243
0.762114
1.2868
1.09971
1.11831
0.91871
0.369805
0.349967
0.275171
0.399937
0.51267
0.252063
0.357496
0.56878
0.862248
1.8652
0.726063
0.354162
1.16658
0.353058
0.47502
0.623263
0.676052
1.25279
1.0903
0.736558
0.631759
0.643569
0.997351
0.401871
0.469262
0.583975
0.733454
0.337924
0.557671
0.398314
0.850055
1.16922
0.706025
0.981934
2.57971
0.37624
0.18022
1.41023
0.389339
0.301626
0.541635
0.334487
0.537628
0.501266
1.15278
1.00888
0.671528
0.47033
0.389107
0.390368
0.389107
0.501872
0.280157
0.353069
0.68852
0.58873
0.634632
0.451969
0.424834
0.326565
0.458634
0.587093
1.64618
0.968673
0.386985
0.18252
0.414442
0.476318
0.226339
0.544802
1.76863
1.56959
0.884859
0.42143
0.409417
0.441277
0.315883
0.509336
0.336101
0.334077
0.464281
0.843314
0.467297
0.271535
0.43725
0.4242
0.449135
0.9514
0.807685
0.302596
0.342773
0.95545
0.440566
1.13435
0.289629
1.51042
0.3052
0.313737
1.145
0.417697
1.2967
0.553959
0.509366
0.731352
0.577794
0.330668
0.429757
0.207628
0.729331
0.985876
0.240449
0.956475
0.49893
0.221004
0.469221
0.322577
0.497288
0.396777
0.28693
0.441064
1.49216
0.404044
2.0458
0.404044
0.428346
0.324487
0.844479
0.892689
0.18663
0.684564
0.430045
0.843789
0.589715
0.227171
0.364969
1.00513
0.585912
0.3405
0.531313
1.48941
0.289267
0.356388
0.304034
1.0062
0.307222
0.785678
0.376865
1.40322
0.535864
0.701575
0.309395
0.346815
0.41406
0.609511
0.405134
0.80156
1.21936
0.574844
0.238592
1.32138
0.578958
0.480063
0.536443
0.471095
0.364459
0.665746
0.306936
0.451226
0.332035
0.575547
1.09044
0.503915
1.22885
0.469955
1.40153
0.345796
0.260708
0.775135
0.85642
0.387903
0.463052
0.956093
0.35602
0.409787
0.624401
1.10644
0.336068
1.54382
0.641039
1.40874
0.632121
0.349845
0.338145
0.342602
0.389157
1.17787
0.23364
0.995077
0.219382
0.483119
0.611214
1.23946
0.2411
0.460876
0.336697
0.329083
0.203137
0.784099
0.374234
1.22232
0.724004
0.435555
0.727996
0.303313
0.366305
1.18076
0.881115
0.552285
0.764303
0.588078
0.17651
0.42937
0.636565
2.28224
0.269627
0.972491
1.96234
1.1227
0.20413
0.374088
0.276265
1.03123
0.497844
0.292505
0.629403
0.240043
0.439548
0.32452
0.690424
0.634104
0.357685
0.904047
1.18316
1.66453
0.420844
2.35285
0.541559
1.33141
0.344497
1.18249
0.71829
0.999295
0.42996
0.383241
0.884443
0.611033
0.579437
1.54385
0.798607
0.62356
0.505176
0.480059
0.772201
1.94351
1.18227
0.736415
1.48193
2.59011
0.247735
0.321452
0.875476
1.00999
1.33513
1.79058
0.278846
0.362324
0.356629
0.299423
0.573563
0.384124
0.419549
0.376597
0.522493
0.349548
0.221139
1.20551
0.792598
0.271657
0.298203
0.233929
0.191674
2.93384
0.285041
2.79139
0.304514
0.664614
0.439634
0.427154
0.311949
0.655782
1.68744
0.332328
0.236437
0.477398
0.317069
0.562813
0.27135
0.595487
0.269368
1.25391
0.472002
1.29019
0.2844
0.905047
0.627378
0.680866
0.525137
0.284319
0.708032
1.00593
1.01333
0.813957
1.08011
1.12744
0.386065
0.381665
1.90367
0.381665
0.595656
5.08795
0.510962
1.14209
0.713851
0.393609
0.704846
0.474319
0.464774
0.704797
0.425683
0.264449
0.584324
0.784053
0.382201
1.08653
0.289734
0.369242
0.308809
0.369242
1.97051
1.0932
0.324122
0.389786
0.537646
0.740233
0.30332
0.260267
0.492621
0.380429
0.492621
0.28629
0.258642
0.329763
0.396583
0.343872
0.611029
1.70284
0.826455
0.831901
0.772139
0.377866
0.426531
0.36182
0.957094
0.772359
0.35625
1.31412
2.37803
0.78658
0.642815
1.25964
0.381721
0.261517
1.04657
0.454133
1.33039
1.24018
0.402465
1.00461
0.611689
1.49335
0.64164
0.457414
0.383474
0.753591
1.16482
0.601947
0.452857
0.483513
0.251786
0.328044
0.44276
0.712027
0.903267
0.830346
0.986076
1.20918
0.424917
1.15228
0.578482
0.867436
0.585451
0.972189
0.338806
0.37545
0.510262
0.555632
0.412308
6.84451
0.599434
1.79946
1.97649
0.329746
0.175469
0.373737
1.17898
0.285803
1.09353
0.314272
0.398694
0.269919
0.461305
0.899107
0.731432
0.251114
0.411781
1.13201
0.322465
1.13201
0.633666
0.370883
0.408952
0.275424
0.605199
0.326077
0.813244
0.429774
0.517539
1.99944
0.357064
1.60753
0.96227
0.589209
0.621718
0.589209
0.571368
1.28081
0.381897
0.721244
1.02955
0.384354
0.620337
0.505659
0.957811
0.37643
0.312787
0.171271
0.403463
0.267352
0.73715
0.924146
0.261936
0.30156
0.420907
0.38896
0.669524
0.948684
0.416964
0.253187
0.409544
0.804642
0.409544
0.866527
0.643906
0.375437
0.400943
0.528335
0.470292
0.631034
0.702694
0.670446
0.556054
0.259397
0.337237
0.350252
0.944069
1.85276
0.222559
0.392337
0.881238
0.711822
0.635194
0.39803
0.454603
1.39846
0.409429
0.52148
0.534813
0.692502
0.534813
0.488465
0.260326
2.73122
0.983403
1.0656
0.399397
0.33516
1.7319
0.48964
0.556688
1.27469
0.446531
0.517048
0.625707
0.826401
0.401762
0.781147
0.496449
1.25478
0.407478
1.87154
0.427165
0.342941
0.242811
0.391298
2.07218
0.450172
0.370983
0.82636
1.01596
0.480336
0.389696
0.636334
0.509889
0.1924
0.656272
0.675546
0.883549
0.37699
0.225244
1.02254
1.00078
1.70429
0.213209
0.30706
0.635502
2.14237
0.6138
0.419539
0.77252
0.86109
0.373226
0.526588
0.60841
0.852526
1.18715
0.881973
0.422979
0.759604
3.47215
1.10016
0.23532
0.684385
0.702069
0.343484
0.841938
0.250226
0.736063
1.51838
0.423132
0.821709
0.40679
1.65912
0.836138
0.609135
0.549358
0.298001
0.996044
0.517892
0.775441
0.988753
0.684427
0.51837
0.826779
3.10387
0.321784
0.685007
0.43926
0.574501
0.544116
1.86893
0.561804
0.456704
0.569105
0.456704
0.658406
1.01053
0.676413
1.4289
0.315755
1.12568
0.751435
0.770437
0.517507
1.00077
0.232054
1.02014
0.2245
0.47435
0.608423
0.53342
0.264559
0.448319
0.631236
0.294351
0.566322
0.579834
0.563314
0.32287
0.415656
2.3136
1.45722
0.284677
0.548145
0.739503
0.486054
0.476366
0.235588
0.23372
1.49179
0.286119
0.605852
0.418814
0.605852
0.611444
0.739033
0.580989
0.401863
0.558816
0.548521
0.810518
0.368016
1.40717
1.57577
0.417608
0.47913
2.01688
0.513925
0.347271
0.403786
1.10379
0.357967
1.00385
0.293247
0.243946
0.454895
1.11876
0.580365
0.315586
0.590934
0.304202
0.597971
0.318343
0.34776
1.03823
0.204634
0.389649
1.20028
0.379807
0.693168
1.61514
0.352759
0.340579
0.362035
0.321047
0.24065
0.538984
0.615899
0.528166
0.591042
0.306051
0.488187
0.406829
0.508248
0.413555
0.507915
0.75525
0.289923
0.640772
0.270726
0.462746
0.673309
0.359787
0.239849
0.38713
1.21073
0.326311
0.290154
0.340137
0.586532
0.301152
1.3845
0.367871
0.626216
0.368908
0.471178
0.503938
0.670367
0.398503
0.69097
0.338006
0.292499
0.743868
0.452869
0.279145
0.484271
0.425861
0.485314
0.807281
0.341271
1.19272
1.82859
1.24132
0.472817
0.413887
0.699142
0.522698
1.27456
0.37969
0.62685
0.479284
0.30851
0.443086
0.415141
0.62701
0.273037
0.404731
0.535068
0.487589
0.341282
1.75798
0.871442
0.400948
0.616609
1.51845
0.389049
0.471426
1.59492
0.809979
0.785156
0.809979
0.64156
0.788901
0.867863
0.356308
0.22532
1.21484
0.873298
1.08829
0.758037
0.294001
0.390229
0.518062
0.56745
0.637906
0.454196
1.05943
1.52953
0.651072
0.23492
0.627484
0.687094
0.415338
0.218926
0.233174
0.28524
0.384899
0.332779
0.4223
0.444857
0.379568
0.35981
0.512367
0.394952
1.05148
0.47846
1.02189
0.749888
0.364672
0.974021
0.615778
0.351955
0.854557
0.222886
0.650815
0.31492
2.19702
1.23935
0.956048
1.76248
0.285242
0.83205
0.263838
0.603996
0.631901
0.348235
1.2531
0.773782
0.511284
0.192743
1.06015
1.06731
0.309241
0.740703
0.355106
1.17909
0.361121
0.713785
0.291159
0.459937
0.506327
0.211614
0.991716
0.848849
0.260651
0.615117
0.541106
0.293028
0.828035
1.31135
0.910144
0.574594
0.218625
0.203744
0.443645
0.357193
0.420962
0.35888
0.72482
0.484758
0.643803
0.976607
2.93717
0.976607
1.71792
0.470678
0.60351
0.262912
0.616031
0.695266
0.189982
1.12799
0.713159
0.686169
0.232498
0.852333
0.33007
0.757136
0.362829
0.625777
0.449976
1.40153
0.515217
0.731377
1.01063
0.3038
0.846357
0.338837
0.590901
0.265051
1.169
0.305941
0.647621
0.601869
0.970071
4.49479
0.973125
7.2126
0.653412
1.32321
0.742201
0.714339
0.882168
0.678909
0.232101
0.292648
0.265418
0.375772
0.421843
0.214668
1.09831
1.20224
0.527924
0.293239
0.608007
0.560508
0.370342
0.405763
0.333423
0.34314
0.482402
0.764594
1.3858
0.752857
1.11673
1.02634
1.06165
0.275464
0.571806
0.346288
4.85421
0.212905
0.436546
0.568788
3.14306
0.499767
0.626852
0.823564
0.555191
0.741068
0.312041
0.361584
0.458691
0.713228
0.706663
0.258802
0.303628
0.838991
0.810043
0.679858
0.181344
0.36269
0.464926
0.760447
0.536219
0.154878
0.388326
0.906386
0.215024
1.34137
0.24099
0.476688
0.594404
1.272
0.694947
1.93351
0.794518
0.395894
1.60812
0.349035
0.814618
0.522559
0.705145
0.295037
0.404175
0.54309
0.547454
0.698443
1.74674
0.430691
0.776431
0.799716
0.327559
0.280406
0.908878
0.453713
0.431052
0.446106
0.724805
0.34966
0.724805
0.240747
0.644611
0.245462
0.489192
0.753705
3.61863
0.279838
1.765
0.409825
0.45373
0.624644
1.04915
0.401107
1.08729
0.623569
0.518605
0.896358
0.869762
0.313099
1.06119
1.80003
2.51274
0.400696
0.529655
0.794075
0.529655
0.37083
0.64698
0.659674
0.743789
0.342921
0.506946
0.310919
0.205048
0.289596
0.659503
0.455385
0.870579
0.454906
0.84696
1.30621
2.5791
0.406529
0.239531
1.21373
1.13001
0.505885
1.0269
1.28695
0.231751
0.264796
0.974568
0.334324
0.296001
0.611579
1.2751
0.700212
0.437127
0.501417
0.775721
0.177839
0.584063
0.383945
0.304937
0.774436
0.431418
0.52748
0.416954
1.24923
2.35999
0.377544
0.484999
0.941539
0.479232
0.547854
1.30387
0.237916
1.62611
0.370876
1.12723
0.827776
0.562915
0.829728
0.541135
0.567518
1.77817
0.317269
0.436841
1.41001
0.651189
0.523523
0.827163
0.292849
0.575874
1.02322
0.575874
0.523911
0.995346
0.594056
0.459828
0.345684
0.723841
0.367726
0.772194
0.429652
0.480787
0.546454
0.522666
1.50998
0.129069
0.405559
0.597198
0.912847
0.524696
0.87728
0.856769
0.319556
1.19295
0.486505
1.86176
0.194073
1.07867
1.18756
1.13051
0.370348
0.530227
1.37957
0.537047
0.836243
0.403953
1.49156
0.545888
0.650656
0.553056
0.627804
1.064
1.97029
0.389652
0.702128
0.694626
0.350517
1.62257
0.194557
1.82026
0.378601
0.861008
0.295988
0.321627
0.54151
2.44687
0.508918
1.12003
0.507325
0.333394
0.334975
0.434456
0.748325
0.791268
1.71567
0.477187
0.312303
0.315136
1.32416
0.634999
0.359712
0.409682
0.253703
1.31479
1.09421
0.353031
0.554192
0.879446
0.241389
0.343621
0.644165
1.59022
0.658666
1.64184
0.372003
0.659196
0.372003
0.454026
0.975411
0.396531
0.252345
0.66353
0.53846
0.379171
1.264
0.569691
2.26108
0.863355
0.266298
0.381269
1.351
0.469862
0.793329
1.57615
0.574071
0.50354
0.5498
0.289496
0.550316
0.417961
0.742868
0.602122
0.855572
0.62238
0.392916
0.588396
1.0756
3.90296
0.755812
0.267393
1.69628
5.54468
0.210266
0.292835
0.437145
0.250653
0.428225
0.188045
0.474358
0.629022
0.501193
0.585009
0.757553
0.630441
2.42368
0.992948
0.478754
0.454105
0.484674
0.595934
0.410242
0.581654
3.38158
0.938644
1.36993
0.440284
0.840272
0.528423
0.585658
0.393282
0.673455
1.31481
0.507368
0.348052
0.507368
0.438879
0.357211
0.402682
0.355346
0.637569
0.3733
0.559925
0.350351
0.246305
0.474582
0.593407
0.815355
2.27946
0.717989
0.69605
0.274501
0.317259
0.318625
0.477435
0.385617
0.208821
0.303074
1.5145
0.251523
0.632193
0.724294
0.972985
0.342545
0.205034
0.260057
1.85793
0.674108
1.52302
0.734858
0.257594
0.309544
0.326574
0.214601
0.805332
0.639994
1.8985
0.636892
0.815274
0.48205
0.365864
0.481476
0.684442
0.325422
0.408163
0.374084
0.469715
0.559799
0.633836
0.509688
0.422745
0.896542
0.501159
0.391398
1.03527
0.410366
1.10131
0.765281
0.527188
1.02361
0.389707
0.580616
0.678904
0.316039
0.550287
0.316039
0.541443
1.01377
0.74635
0.96989
0.399742
0.30858
0.815639
1.08611
0.493146
0.882189
0.555044
0.812056
0.437917
0.647358
1.76502
1.82128
0.465295
1.42333
0.509115
0.644918
0.834172
1.83498
0.905415
0.46113
0.196572
0.281902
1.40377
0.644442
0.40219
0.562745
0.887154
0.348258
0.398725
0.478571
0.599868
0.184404
0.266041
0.318387
0.266745
0.732913
0.213561
1.19361
0.801596
0.960312
0.287656
0.293744
0.591419
0.547053
0.68068
0.845743
0.434685
0.333754
0.631602
1.568
0.874559
0.795184
0.537905
0.651424
0.336898
0.651424
0.487083
0.474067
0.665228
0.571437
1.53982
0.971221
0.371508
0.431186
0.985749
0.845131
1.71919
1.47776
0.44653
0.310344
0.575835
0.291088
1.27517
0.666556
0.269097
0.878266
0.665069
0.502482
0.52518
0.957924
1.0419
0.376643
0.552698
1.97403
0.413138
0.430238
0.855095
0.313954
1.10895
2.1103
0.251656
0.68145
0.273032
0.560628
0.548834
0.336231
0.418977
0.43844
0.677384
0.458496
0.295763
0.390325
0.921123
0.3205
0.480503
0.619427
2.11424
1.31715
0.478034
0.964604
0.561745
0.407124
0.330207
3.20398
0.717856
0.375792
0.520208
0.201519
1.97796
0.505273
1.342
0.567346
0.163604
0.476931
0.298637
0.66055
0.373023
1.17983
0.657782
0.284186
0.574548
0.726282
1.40806
0.57299
0.407072
0.570271
0.506496
0.385532
0.462886
0.544165
0.660759
0.628135
0.839841
0.466165
0.620865
0.813313
0.634914
0.61775
0.460053
0.479114
0.731327
0.665491
1.26067
0.355545
0.379899
0.763277
0.41314
0.215896
0.961864
0.852212
2.94047
0.9179
0.495053
0.213084
0.354137
1.32963
1.6899
0.677258
0.238495
0.352755
0.280916
0.581636
0.952532
0.485216
0.450239
0.289195
1.80284
0.370506
0.348818
0.315798
0.260238
1.17148
0.70088
0.74365
1.02364
0.966031
0.497686
1.24214
0.501804
1.11825
0.377671
0.306542
0.632951
0.649676
0.713628
0.282959
0.555406
0.612845
0.422444
0.757105
0.682297
0.389621
0.486147
0.599977
0.66839
0.376541
3.53849
0.775946
1.63936
3.14985
0.50616
3.17532
3.18562
0.358785
0.500743
0.500255
0.350602
0.341886
0.239376
0.27218
0.679562
0.47873
1.19155
0.549577
0.605241
0.395933
0.602512
1.67519
1.68999
0.221191
2.02641
0.342444
0.672808
0.284664
0.275765
0.94229
0.683141
0.414324
0.398877
0.440147
0.233656
0.255343
0.295445
0.312949
1.27737
0.544887
0.394246
0.754889
0.514148
1.35939
0.236639
1.81124
0.371358
0.231279
1.45201
0.541249
0.716955
0.517077
2.26586
0.153621
0.526326
0.36326
0.267629
0.93905
0.272146
0.246378
0.301329
0.864047
0.638632
1.48143
0.430516
0.851827
0.274942
0.747128
0.675025
0.35506
1.05939
0.287691
0.235543
0.887356
0.329188
0.511922
0.421798
0.674711
0.165061
0.971744
0.345722
0.616427
0.172416
0.713859
0.260944
0.523748
0.371363
0.863049
0.258299
0.155508
0.390587
0.311651
1.23868
0.465065
0.328794
0.52671
1.57206
0.762992
0.397111
0.43513
0.369072
0.694254
0.446438
0.63562
0.578748
3.03341
1.11282
3.02983
0.838525
0.353725
1.0451
0.210667
0.260078
0.58918
0.195076
0.730099
0.582983
0.8206
1.53652
1.84085
0.427554
1.08708
0.409458
1.24553
0.418976
0.362376
0.64167
0.677924
2.24271
0.670714
0.500074
0.538785
1.34137
0.358843
0.428296
0.692636
0.49516
0.397401
0.346034
0.382671
0.397878
0.496868
0.314459
0.682852
0.362871
0.843208
0.23761
0.739004
0.381911
0.403544
0.655774
0.90851
0.449139
0.455334
0.377317
0.183317
0.346652
0.45491
0.501159
0.58515
0.420346
0.817107
0.478044
1.39339
0.989162
0.763745
0.223932
0.401318
0.222815
0.35027
0.354277
0.382742
0.421883
0.544173
0.304856
0.897222
0.289282
0.655377
1.01593
0.614652
0.454388
0.426819
0.773088
2.04762
0.862884
1.01849
0.438542
0.351572
0.651569
0.478438
0.789484
0.228517
0.789484
0.249336
0.8079
0.498049
0.439729
0.203975
0.280704
1.55402
0.51403
0.402249
0.962611
0.211793
0.617753
0.748933
0.956627
0.629389
0.526951
0.319486
0.861545
0.572803
2.12001
0.406894
0.661386
0.289285
1.15694
0.62401
0.475408
0.46058
0.433211
0.35705
0.538616
0.552145
0.34566
0.588614
0.264472
0.509485
0.29829
0.498274
0.818523
0.118053
1.35537
0.702419
0.400081
0.645274
0.315282
0.467129
1.23508
0.623413
0.345476
1.72918
0.369467
0.655603
0.88183
0.751401
0.628585
0.415304
1.22023
0.577809
0.439442
0.306504
0.193737
0.724559
0.193737
0.254321
0.667065
0.237898
0.876955
0.951666
0.384242
0.273369
1.65243
2.18865
0.890934
0.527562
0.240153
0.217012
0.415429
0.972345
0.464343
0.463632
0.19701
0.575384
0.81494
0.524063
1.1121
0.874344
0.625706
0.570879
0.563875
0.31768
0.449708
0.523642
1.06726
0.355941
0.338338
0.51132
0.558742
0.879296
0.274673
0.352563
0.549196
0.48281
0.173167
0.802574
1.81929
1.16093
0.906723
1.95767
0.63253
0.446638
0.388366
0.330591
0.663621
0.437749
0.557598
0.380349
0.25013
0.182486
0.706767
0.823073
0.156455
0.585172
0.507644
0.760267
2.39231
0.460531
0.427365
0.358061
0.441107
0.420966
0.339551
0.262484
0.505822
1.5111
1.70869
0.397495
0.472383
0.799079
0.34135
0.471344
0.794882
0.245528
0.694777
0.21657
0.71546
0.249751
0.99752
0.319024
0.514285
0.432495
0.638754
0.485308
1.45182
0.367546
0.264879
0.552505
1.40861
0.561706
0.341424
0.817303
0.431593
0.554319
0.300131
0.297636
0.51269
0.44414
0.542151
0.862042
0.674407
0.586004
0.554546
1.59388
0.630401
0.278215
0.36955
0.65365
0.46613
0.469981
0.519186
0.350665
0.637646
0.48722
0.675208
0.491051
0.281361
0.723358
0.522948
0.520139
0.333737
0.235651
0.388327
1.39795
0.451032
1.66777
0.308089
0.744491
0.40939
0.295796
0.334136
1.28255
1.21693
1.06035
0.898634
0.452679
0.934758
0.429968
0.503152
0.520139
0.397271
0.845011
0.811829
0.48095
0.714306
1.38112
0.79401
0.75323
0.829277
0.921723
0.780645
0.798634
0.586141
0.342734
0.472308
0.509376
0.324447
0.298532
0.304444
0.229778
0.307966
4.62913
0.441575
0.376712
1.23179
0.366407
1.3341
0.23142
1.62988
0.945264
0.849488
1.44098
0.400936
0.22695
0.334257
2.2661
0.823881
0.978406
0.407283
0.54071
0.640653
0.718424
0.998614
0.316696
0.371036
0.335844
0.612409
0.361294
0.308217
0.314347
0.641732
1.05789
0.752918
0.484224
0.967713
0.354334
0.355133
0.513289
0.224651
1.3278
1.03503
0.632514
1.01259
1.39255
0.62425
0.536558
0.31183
0.584531
0.766639
0.273458
1.45654
2.01983
0.331387
0.490028
0.52548
0.351615
0.308903
0.321723
0.94107
0.438039
1.05163
0.247221
1.45675
0.347805
0.514805
0.652516
0.714483
0.589196
0.818092
0.658412
1.63518
0.515977
1.37114
1.08637
0.370117
1.15003
0.523626
0.253756
0.459064
0.464547
0.864684
0.332044
1.30155
0.653714
0.279284
0.702988
0.632592
0.402791
0.649124
0.974808
0.216354
0.586637
1.22084
0.233979
0.279938
0.658502
1.14827
0.996557
0.382753
0.562277
0.480122
0.722244
0.322278
0.551167
0.854464
0.768469
0.961502
1.43471
0.381347
0.252682
0.730729
0.477197
0.265913
0.493209
0.337959
0.503039
0.303321
0.509315
0.352891
0.283064
0.556747
0.588165
0.284489
1.05199
1.51549
0.390373
4.18057
1.1328
1.00503
0.512715
1.97071
0.255317
0.314957
0.354954
0.590093
1.68468
1.01745
0.952437
1.54514
0.411469
0.909318
0.136318
0.378704
0.386161
0.651077
0.561142
0.872249
0.684234
0.276222
0.962053
1.06468
0.340361
0.495471
0.29381
0.513334
0.553039
0.449984
0.574784
0.390366
0.589447
0.684007
0.504926
1.69164
1.76788
0.277066
0.976395
0.415474
0.662529
0.3724
1.12201
0.359286
0.758825
0.586571
0.710357
0.371812
0.67094
1.04273
0.193265
0.571746
0.489563
0.343754
0.525517
1.38323
0.266324
2.65199
0.482517
0.863197
0.675295
0.597983
1.66018
0.745067
1.88948
0.463808
0.233912
0.362883
1.82225
2.03938
0.315798
1.11368
0.69872
0.34853
0.352852
0.399942
0.58762
0.399942
0.672205
0.963152
0.282892
1.05312
0.286478
0.509187
0.285652
0.762034
0.471331
0.727537
1.35665
0.679709
2.06564
0.615968
0.498919
0.455855
1.61653
0.402935
0.354221
0.246929
0.959696
0.668666
0.5628
1.12366
1.8446
0.335662
0.906256
0.810574
1.31205
0.563132
0.311891
0.319658
1.05346
0.396897
0.2088
0.772754
1.96844
1.36302
0.41891
0.22676
0.456074
1.10802
0.305142
0.341616
0.688158
1.11861
0.51492
0.396925
0.800169
0.554867
0.790377
0.264923
0.193281
0.242718
1.90639
0.595908
0.6953
0.432352
0.741013
1.70425
0.172482
0.58122
0.318333
0.63021
0.245869
1.01368
0.222133
0.437719
0.365008
0.562966
2.2413
0.440758
0.528034
0.269165
0.536196
0.780954
0.701047
0.596918
0.516999
0.399168
0.569322
1.79712
1.4089
0.398716
1.37064
2.7379
0.340736
0.462488
0.846267
0.907179
0.37479
0.624271
2.38281
0.441096
0.599139
1.57222
0.585158
0.47766
0.484182
1.19171
0.392366
0.700583
0.283639
1.09039
0.881334
0.902441
0.684634
0.315043
0.492454
1.14778
0.564291
0.713106
0.222969
0.379201
0.98777
1.01907
1.05175
0.721121
0.597518
0.673139
0.301131
0.381518
0.309301
0.589393
2.19864
1.68562
0.401036
0.32767
1.35077
2.17364
1.38363
0.405588
0.957516
1.47128
1.06352
2.77651
0.317624
0.376732
1.95149
0.322091
0.468663
0.74784
1.03551
0.664647
1.14719
0.452445
0.431553
0.377612
0.700687
3.10493
0.302829
0.837861
0.483416
0.446938
1.38554
0.253497
0.250967
0.568475
0.394773
0.582689
1.52621
1.2309
0.284558
0.571312
0.291274
0.642886
0.260515
0.574029
1.27353
0.803233
0.530425
0.407095
0.678978
0.849776
0.914558
0.569166
1.7183
0.466106
0.272337
0.204702
0.334261
0.241596
0.484031
0.324752
0.36853
0.344334
0.888201
1.41482
0.829449
0.523656
0.752472
1.71284
0.544775
1.52285
1.73226
1.92557
0.115172
1.25155
0.248099
0.985225
0.926068
0.870369
0.5642
0.510345
0.767931
0.989707
1.61178
0.274708
0.554715
0.523802
0.169774
0.286394
1.07897
0.265893
1.01832
0.262733
0.423769
0.438701
0.325922
1.56219
0.476167
0.994408
0.715943
0.393211
0.61096
0.509734
2.17843
0.320047
0.151094
0.394996
0.344217
0.626412
0.24659
1.28365
0.24659
0.476511
1.32055
1.31151
0.944055
0.306304
0.977899
0.6094
1.23728
0.342111
0.311398
0.36099
0.385766
1.05483
0.985465
0.460032
0.528573
0.26006
0.7821
0.520424
0.818154
0.641128
1.05609
0.314766
0.330581
1.1491
0.60567
0.401906
1.05407
0.410769
0.454885
0.381252
0.238425
0.685358
9.30405
0.468987
1.26301
0.543798
0.613566
0.314387
1.21644
0.305268
0.43867
0.558844
0.475977
0.404984
0.577085
0.613817
0.900431
0.455566
0.364452
0.603252
0.466796
0.616784
0.316692
0.464564
0.762165
0.5941
0.452744
0.492
1.20207
1.15264
0.428054
0.913022
0.687425
1.3641
0.320191
0.236632
0.382666
0.239644
0.612659
1.01302
0.353669
0.77314
0.92922
0.581711
0.61483
0.458172
0.326029
0.624884
0.387963
0.390961
0.641813
0.564965
0.596235
0.481154
1.7786
1.1573
0.347981
1.0737
0.479694
1.07573
0.431702
0.639601
0.281715
0.191233
0.74683
0.318354
0.387807
0.434613
0.483379
1.53145
0.229634
0.415052
0.319418
0.236957
0.458377
0.531173
0.390692
0.982801
0.404092
0.434992
0.319984
0.551244
0.533595
0.467972
1.58953
0.600618
0.194043
0.374964
0.194043
0.775219
0.313884
0.453592
0.601065
1.38364
0.829699
0.738877
0.313109
1.38149
0.183278
0.755923
0.985931
0.464598
0.520528
0.540506
2.3915
0.625876
1.07377
0.332617
0.466369
0.285278
0.515209
0.357388
0.63331
5.30985
0.683494
0.591766
0.469437
1.58132
1.16487
0.86407
2.08739
0.42367
1.96386
0.999022
1.57051
0.367569
0.578451
0.475448
0.606952
0.475448
0.420041
0.54721
0.175718
0.668605
0.673697
1.01514
1.39634
0.471219
1.01856
0.660673
0.52753
0.54479
1.05964
0.539082
0.292484
0.299938
0.357715
0.186386
0.3262
0.275783
0.307464
0.238555
0.363084
0.59582
0.365137
0.47382
1.03818
0.47382
0.52165
0.601622
0.352056
1.19351
0.709896
0.281362
0.954368
0.376186
0.753263
0.457668
0.753263
0.536417
0.564318
0.498484
0.440017
0.554328
0.55822
1.60256
0.38783
0.589318
1.32668
0.567309
2.02781
0.45214
0.679282
0.813883
0.40292
0.441551
0.208137
0.337442
0.676688
0.351302
1.89319
0.351302
0.489212
0.886299
0.293877
0.531871
0.845002
1.67945
0.246115
0.870082
0.319647
0.621095
0.203885
1.38585
1.59973
0.74724
0.20537
0.372652
0.564369
1.83529
0.534272
0.702343
0.449739
0.41642
0.605657
0.826028
0.204535
0.400928
0.366456
0.429747
0.934353
1.12662
0.479207
0.740955
0.468089
0.931483
0.432564
0.501662
0.555062
1.07835
0.328579
1.08254
1.09028
1.37349
0.592316
0.756491
0.892128
0.614069
0.68657
0.401897
1.23796
1.56959
0.849496
0.687196
2.01122
0.777557
0.68784
0.626974
0.475409
0.399423
0.737293
2.92712
0.331249
2.06277
0.585878
1.94549
0.609722
0.327435
0.950555
0.33979
0.551897
0.955074
0.341498
1.6734
0.21409
0.396186
0.298305
0.383445
0.429192
0.780292
0.620629
0.889312
0.412357
0.323326
2.09319
0.448421
0.278297
1.10481
0.520612
0.460257
0.724382
1.86117
0.433986
0.283548
0.866587
0.665639
0.615857
0.984718
0.633038
1.05606
0.512482
0.364564
0.91191
1.7743
0.257895
0.245761
0.816138
7.35475
0.515168
0.319833
0.64766
1.16241
0.35277
0.932151
0.556588
0.455064
0.74934
0.285731
0.346942
0.38669
0.623212
2.04666
0.975365
0.353947
0.250093
0.274609
0.268636
0.642748
1.28699
0.711933
0.546909
0.281495
1.76556
0.445786
0.921811
0.415588
0.700422
0.250946
1.25472
0.414999
0.627385
0.414999
0.548435
0.678021
0.744705
1.71231
0.65891
0.550721
0.462347
0.379443
0.535171
0.268683
0.541138
0.382485
0.398142
0.436594
0.857959
0.520502
1.03112
1.02976
0.608922
0.540163
0.43072
1.04133
0.729082
1.15174
0.733493
1.01883
0.301232
0.517094
0.344763
1.33661
0.428875
0.461547
0.336829
1.40149
0.443833
0.961783
0.583507
0.980094
0.886577
0.401359
0.314285
0.586372
0.411607
0.738956
0.624845
1.09075
0.573488
0.627941
0.47809
0.387434
0.297162
0.632372
0.331883
1.25237
0.323823
0.318749
0.568104
0.348797
0.257117
0.403226
0.349423
0.666463
0.661333
0.67222
0.933661
0.441371
1.22426
0.592335
0.359221
0.578936
0.342863
0.72272
1.10997
0.636514
0.734789
0.831136
1.22689
0.775252
0.371567
1.81063
0.25286
0.693205
0.592728
1.24332
0.583772
0.89633
0.262456
0.48707
0.469929
0.411507
0.343495
1.20034
0.39555
0.427946
0.80507
1.34079
0.885337
0.648896
0.404716
0.418651
0.220855
0.34783
0.412236
0.767417
0.275977
1.36168
0.843389
0.529243
0.396268
0.361615
1.38294
1.0127
0.300509
0.486953
0.300509
0.429182
0.290153
0.856758
0.305745
0.742075
0.229998
0.477591
0.320059
0.477591
1.22705
3.68399
0.584874
1.5385
2.68353
0.393671
0.506214
1.51562
0.812054
2.05227
0.210935
0.39841
0.731553
1.21448
0.37774
1.96655
0.517831
0.307947
0.519761
0.414864
1.18251
2.02194
0.538147
1.32458
0.46365
0.464095
0.589547
0.22625
0.590292
1.17396
0.456568
0.278946
0.303767
0.46984
0.396409
0.611043
0.305766
0.662732
0.430234
0.573516
0.204148
2.97925
1.35306
0.211634
0.798925
0.410623
0.878358
0.684785
0.437251
3.25217
0.500374
0.444143
0.469497
0.577321
0.880509
1.00307
0.562698
0.171346
0.294975
0.235004
0.812502
0.385396
0.523098
0.403616
0.452734
0.811351
0.840635
0.552361
1.75625
0.936376
0.465903
0.548899
0.473967
0.647892
0.389444
0.501317
0.268136
1.03778
0.97078
0.414737
0.544244
0.270971
0.550153
0.551318
2.52751
0.338391
0.533208
0.567137
0.596109
0.25682
0.431866
0.690428
1.03629
0.2987
0.309077
0.37261
0.725105
0.806648
0.389178
0.782769
0.583333
0.359188
0.328311
0.515808
0.236571
0.397675
1.09798
0.354329
0.380805
0.612698
0.476725
0.487879
1.85211
0.706004
0.500981
0.448391
0.406475
1.02857
0.278954
0.548325
0.210946
1.27949
0.306235
0.684868
0.462368
0.282308
0.742347
0.237309
0.426626
0.40887
0.46178
1.20832
0.881268
0.34793
0.85406
0.459324
0.368854
0.297595
0.195877
0.420326
0.398725
0.270976
0.466506
0.887349
0.552174
0.385211
0.40619
0.349113
0.370522
0.427991
0.68987
0.521955
0.953492
0.423658
1.71767
0.392896
0.65189
0.551589
0.386492
0.551589
0.667056
0.556104
0.385434
0.23289
0.478032
0.479543
0.479532
1.39297
0.505464
0.461007
1.60871
1.00504
0.392026
0.320387
1.01002
1.10074
0.316449
0.799273
0.390593
1.09078
0.627575
1.00428
0.420789
1.04716
0.632229
1.75052
0.881251
0.53227
1.28449
0.698753
1.09706
0.835188
0.560311
0.550945
0.596434
0.495847
4.56693
0.501643
0.758447
0.491487
0.413404
0.491487
0.447915
0.419981
0.561271
0.758569
0.416125
0.773882
0.136138
0.274178
1.44366
0.745164
0.207395
0.357219
0.362413
0.572361
0.522066
0.408861
0.437817
0.42772
0.831618
0.840006
0.440964
0.276556
0.425425
0.515949
2.56136
0.513572
0.280127
0.875245
0.327071
0.901455
0.573423
0.662395
0.347533
0.166632
1.31957
0.258382
0.160554
0.293029
0.437919
0.346556
0.914741
0.816088
1.1364
1.32331
0.28918
0.865579
0.654078
0.811089
0.609344
0.323502
0.350376
0.538141
0.815256
0.34401
0.895763
1.35503
0.88123
0.864995
0.301855
0.360676
0.32691
1.24491
0.402579
0.220205
0.402579
0.602427
0.445246
0.917734
0.469731
0.350139
0.326278
0.498707
0.626848
0.279706
0.658317
0.672996
0.368968
0.358595
0.271029
0.411285
0.725306
0.996574
0.779423
0.74576
0.398092
0.81867
1.22142
0.648588
0.467598
0.693745
0.326838
0.417084
1.51543
0.765495
0.456454
0.480007
1.45227
0.831296
0.734272
0.831296
0.752107
1.3399
0.706851
0.588462
0.225266
1.19264
0.324591
0.367439
0.28425
1.19363
2.54724
0.306422
0.501927
1.38999
0.39725
0.195036
0.550961
3.36899
0.632496
0.866406
0.467122
0.590244
0.581071
0.58479
0.250724
0.541632
0.979553
0.391865
0.366963
0.670148
0.299972
0.312486
0.368798
0.434505
0.548786
0.329568
0.287217
1.18991
2.54726
0.832894
0.387613
0.450766
0.667733
0.761597
0.249843
0.459703
0.775453
0.702929
0.210639
0.238482
0.324847
0.619882
1.76077
0.634602
0.714852
1.3623
0.714852
0.920788
0.712048
0.999411
0.351762
1.11186
0.276094
0.667468
0.468838
1.33221
0.223974
0.411511
0.533073
0.700509
0.785794
0.330977
0.676745
0.459556
0.431444
0.938954
0.482657
0.302364
2.13546
0.673702
0.509316
0.870221
0.309125
0.383958
0.554854
0.562281
0.636373
0.460119
0.37819
0.928443
0.436945
0.90192
0.523154
0.453851
1.23616
0.521643
0.269321
2.28048
0.477306
0.409197
0.601899
1.18807
0.682939
0.423222
0.417908
0.503218
0.173411
0.990761
0.485756
0.8872
0.713021
0.455562
0.453064
0.586017
0.183244
0.581997
0.424139
0.58074
0.923211
1.06283
1.37712
1.4077
0.516826
1.90252
0.347044
0.437089
1.14489
0.332336
0.646472
0.376176
0.542879
1.00376
0.548287
1.88598
0.44649
0.497843
0.246271
0.620452
0.640511
0.564611
0.445681
0.467398
0.908238
2.69679
0.282792
0.548305
0.234319
0.211206
0.579136
0.620281
0.292922
0.3845
0.475878
0.386107
0.498482
0.649758
0.422006
0.649758
0.657711
4.68434
0.474175
1.39193
1.59887
0.410751
0.350753
0.6002
0.703804
0.320447
0.218795
0.721825
0.390462
0.299076
0.729305
1.22786
0.11246
0.313521
0.190688
0.659779
0.4091
0.878952
1.1667
0.913242
0.445068
0.63377
0.659909
0.250447
1.2272
0.852686
0.613899
0.552476
0.688895
1.72982
0.943679
0.461501
0.523469
0.727267
0.573966
1.09195
0.504455
3.15548
0.592697
1.03868
0.837008
0.988854
0.406294
0.410414
0.557938
0.264487
0.589772
0.753019
0.398228
0.341046
0.6437
0.640912
0.435431
0.335698
0.485376
0.80672
0.223616
0.554852
0.533941
0.501992
0.554099
0.765849
0.410147
0.392492
1.9431
1.48467
0.414506
2.42688
0.435529
0.754171
1.08011
0.891596
0.220555
0.285416
0.781177
0.289426
0.14366
0.32492
0.774048
0.444681
0.676586
0.348354
0.727778
0.544283
0.316568
0.553708
0.238603
0.928303
0.332023
0.304701
0.219726
0.938385
0.417884
0.827038
0.263533
0.77588
0.956928
0.452518
0.601718
0.967534
1.0655
0.42627
0.4246
0.682093
0.267803
0.217563
0.523169
0.407926
0.367837
1.02642
0.329379
0.886693
0.42899
1.46256
0.42899
0.561246
0.726433
0.343835
0.513779
0.74494
0.670315
0.392193
0.55034
1.34537
0.429025
0.617803
1.45245
0.49822
0.275374
0.908588
0.867593
0.567142
0.299096
1.18383
0.419825
0.304455
0.273357
0.197114
0.669734
0.270967
0.49964
0.820912
0.394346
0.38746
1.07519
0.853974
0.26832
0.254598
0.740026
0.393776
1.11301
1.99776
0.298449
1.38813
0.273996
0.593621
0.720838
1.30231
0.723391
0.391797
0.340188
0.463394
0.487115
0.51383
0.267271
1.73733
0.447877
0.329937
0.472917
0.603217
0.433546
0.386143
1.20489
0.697424
0.36667
1.226
0.306188
0.496468
0.369697
0.455844
0.360107
0.423578
0.16909
0.472575
2.27947
0.723043
0.65798
0.672795
0.303343
0.558398
0.343237
0.515133
0.299044
0.538451
0.662831
0.425202
0.662831
0.382285
0.368357
0.652595
1.70486
0.466225
0.192139
0.729056
0.8207
0.448957
0.733399
0.517536
0.537231
0.805561
0.625477
1.17001
0.45007
0.967192
0.492623
0.665275
0.457946
0.42021
0.199019
0.278805
0.189729
0.482515
0.341725
1.72799
0.620228
1.21129
0.425733
1.93195
0.290877
0.678199
0.204576
1.16796
0.246889
0.510228
0.745328
0.581273
0.370951
0.254988
0.227041
0.67159
0.380311
1.40129
0.753302
0.419892
0.297022
0.170667
0.243044
0.229896
1.1886
0.943812
0.238616
0.365072
0.269053
0.48593
0.521085
1.90088
0.18845
0.789997
0.367968
0.64211
0.582102
0.912516
0.463667
0.882726
0.197716
0.386272
0.415917
0.367834
0.668074
0.329886
0.569645
0.848737
0.912774
0.527294
0.397196
0.5045
0.326268
0.922907
0.405781
0.436549
0.722258
0.130707
0.354878
0.779069
0.42761
0.5297
0.347789
0.985954
0.363731
0.858337
0.931039
0.48607
0.434396
0.830428
0.215992
0.204981
0.337581
0.452825
0.580727
0.50582
0.524902
1.7889
0.605771
0.480172
0.73767
0.369958
0.524036
0.380098
1.4869
1.3268
0.447496
0.477006
0.474562
1.36326
0.898212
0.260812
1.22267
0.395541
2.53276
0.819785
2.06581
0.687334
0.291835
0.230173
0.244767
0.340003
0.212602
0.648715
0.327014
0.488773
0.402015
0.716833
0.355228
0.359069
0.470418
0.475234
0.641627
0.653717
0.419615
0.191075
0.34573
0.218288
0.245173
1.17315
0.288399
0.271281
6.54323
1.05776
0.894288
1.02445
0.804178
0.323966
0.688804
0.467263
0.521813
0.527404
0.2595
0.496915
0.256252
1.87278
0.323994
0.519131
0.734048
0.407162
0.840729
0.270679
0.55674
0.980773
0.445848
0.352241
1.82224
1.44063
0.454203
2.13938
0.800575
0.793013
0.407562
1.14261
0.233878
0.596947
1.40746
0.599832
0.465417
0.929981
0.518648
0.392543
0.225776
0.70386
0.878553
0.22505
1.58155
0.677771
0.667457
0.534743
0.328634
0.278922
0.328634
0.15926
0.593941
1.54864
0.424551
0.407474
1.67433
0.285009
0.301651
0.982654
0.326987
0.679237
0.724445
0.823084
0.56369
1.25587
0.42744
0.547192
0.258864
0.184487
0.553594
0.558817
0.313196
0.611105
0.275128
0.552464
0.942794
0.597328
1.21508
0.323296
0.986443
0.845789
0.681931
0.665552
0.985809
1.62136
2.46944
0.670827
0.713833
1.39924
0.707936
0.451709
0.334531
0.425289
0.574365
0.808348
1.08108
0.421195
0.604578
0.449726
0.353973
0.310284
0.317341
0.412992
0.350672
1.6769
0.248113
0.335995
0.686026
0.344108
0.586911
0.350664
0.532653
1.59307
0.527979
0.516641
0.415899
0.635323
0.212173
0.373959
0.360915
0.34717
0.360915
0.604131
0.930772
0.656992
0.543752
0.451022
0.562531
0.389733
0.304243
0.314298
0.251
0.43089
0.735371
0.704471
0.406488
1.34074
0.398163
0.414096
1.07926
0.58551
0.243527
0.725982
0.40408
1.01161
0.181109
0.323392
0.280206
0.187257
1.15336
0.635354
0.274473
0.291742
0.490643
0.278403
0.45593
0.219087
0.391121
0.628608
0.317313
1.38973
0.442045
0.244271
1.38531
0.442345
0.498186
0.457903
0.225419
0.533293
0.714222
1.01431
1.61207
0.842979
0.549441
1.57877
1.48613
0.740602
0.286732
1.90044
0.327548
1.00623
0.470486
2.25663
0.539516
0.492037
1.12306
0.984056
0.30859
0.398284
0.30682
0.675549
0.418222
0.47127
0.41126
0.295005
0.700462
0.218187
0.287377
0.314246
1.53912
1.12926
0.255724
0.516879
0.52682
0.663814
0.36936
0.253959
0.311035
0.544433
0.831952
0.907876
0.611712
1.49324
0.851581
2.56626
0.357498
0.414053
0.546136
0.22808
0.759408
0.270547
0.804907
2.21721
0.452099
0.356581
0.747869
5.07079
1.12332
0.335748
0.610552
1.40402
0.513377
0.78437
0.513377
1.04357
0.321322
0.879251
0.566659
1.51206
0.882773
0.283434
0.643129
0.631227
0.280067
0.754469
1.53179
0.620523
0.341871
0.231257
0.165011
0.165776
0.205169
0.429236
0.303259
1.04863
1.07697
0.739295
0.339961
1.46227
0.332388
0.949462
0.451428
1.26695
0.359015
0.444429
0.400318
0.310158
0.63693
0.598654
0.696046
0.50425
0.689362
0.748808
0.566881
0.818107
0.362777
0.755023
0.66045
1.28905
0.945215
0.607055
0.526189
1.54165
3.61974
1.87601
0.646813
1.02472
0.591038
0.439988
0.426015
1.20514
1.36426
0.435394
0.689537
1.19511
0.688661
0.463357
0.516111
0.536421
0.270335
0.43335
0.655851
0.275092
0.43955
1.89611
0.59373
0.368193
0.290065
0.715566
0.275933
0.294011
0.80298
0.630593
0.358941
0.356066
1.18924
0.75365
0.494266
0.966531
1.01465
0.955468
0.413898
1.15633
0.548118
2.24131
0.44014
0.203475
0.311392
0.572575
0.494932
0.489908
0.20698
0.679057
0.352462
0.864742
1.8097
0.915801
0.366627
0.48582
0.394756
1.40654
0.36205
0.356977
0.266499
0.276346
1.71163
0.41389
0.912163
0.375944
0.524732
0.759067
0.421086
0.738014
1.53665
0.539817
0.42639
0.672952
0.743557
0.557822
0.489421
0.234482
0.682616
0.276934
0.424038
0.798247
0.922664
0.465803
0.282279
0.425572
0.659086
0.269507
0.58731
2.03589
0.200882
0.930668
0.673722
0.562407
0.757803
0.220216
0.708717
0.480324
0.266871
0.457355
0.468727
0.977827
1.16939
0.262568
2.66522
0.80433
0.347389
0.806855
0.397397
0.7777
1.25149
3.116
0.492809
4.46939
0.532664
0.372356
3.0776
0.322756
0.464767
2.19683
0.497626
0.602937
1.53319
1.32796
0.450743
0.325012
0.629681
0.97916
0.670239
1.97283
1.76846
1.62533
0.518977
0.686495
0.333478
0.52418
0.29848
0.403901
0.431558
0.267934
1.10247
1.05067
0.327806
0.423062
0.330178
0.797717
0.14791
0.650083
0.909778
0.963942
2.65639
0.255716
1.13375
1.02398
0.477872
0.662661
1.31058
0.593793
0.796607
0.416237
0.411235
0.496565
0.248982
0.715247
0.45327
0.586235
0.396314
0.825554
0.420776
0.409391
0.194193
0.457395
0.419698
0.751858
0.473394
0.315605
0.977435
0.617636
0.246964
0.863556
0.945006
0.251938
0.624588
1.17267
0.337605
0.379128
0.815196
1.14529
0.206769
0.518265
0.783201
1.91597
0.202401
0.822238
0.72504
0.656103
0.89795
0.614978
1.4426
0.362795
1.02408
0.559154
1.08153
1.64776
0.362651
1.30853
0.832451
0.488784
0.828515
0.876038
0.300278
0.655377
0.591212
0.914897
0.724837
0.280126
0.434013
0.458695
0.937873
1.16351
0.787053
0.497239
0.72126
0.322037
0.422317
0.673595
0.349191
0.431415
0.909562
0.791242
0.697136
0.389655
0.353984
1.68901
0.482342
0.811026
0.317554
0.435657
0.556415
0.435657
1.11345
0.917047
0.621559
0.482698
0.908768
0.866894
1.15061
0.461184
1.3078
0.306469
1.1878
1.05022
0.572039
2.27054
0.329584
0.590463
0.31637
0.298809
0.318038
1.12759
1.32742
1.47377
6.11716
0.51822
0.323758
1.0477
0.658828
3.09844
1.14443
0.472526
0.857239
0.353164
1.05792
1.13201
1.66129
0.808683
0.356833
0.442925
0.405615
0.522245
0.306217
0.2165
0.465132
0.288648
0.459622
1.20382
0.292172
0.323699
0.28626
0.208581
1.12569
0.405786
0.277437
1.84214
0.915907
2.921
0.976229
0.388168
2.28031
0.699894
0.47683
1.486
2.10084
0.386299
0.310892
0.603414
0.664828
0.598821
0.585147
0.446481
0.8858
0.7106
1.41488
0.569067
0.272318
1.79708
0.507058
0.2653
0.287207
0.905437
0.833067
0.854963
0.25944
0.3452
0.658383
1.94545
2.10038
1.87136
0.948344
0.595797
0.756141
0.424511
0.7372
1.52961
0.281793
1.15192
0.376128
1.13718
1.64824
0.293448
0.667169
0.226904
0.569661
0.462518
0.693141
1.01593
0.687604
0.752064
0.623602
0.311421
0.366853
0.797862
0.699206
0.4733
0.699206
0.421807
0.691164
0.268529
0.362813
0.75754
0.471809
0.581546
0.252643
0.271628
0.390984
0.598075
0.632474
0.485739
0.426297
0.755791
0.395659
0.352896
0.287594
0.280592
0.36633
0.310942
0.367513
0.812978
0.371446
0.299942
0.513698
0.501384
0.413359
0.232424
0.438294
1.16848
0.800001
0.638711
0.543923
0.530277
0.148115
0.512036
0.918881
0.268792
0.343071
0.36823
0.517594
0.257053
0.543962
0.865922
0.797167
4.07398
0.378312
0.448977
0.385728
1.12792
0.26712
0.743692
0.234458
0.323073
0.629153
0.418263
0.421035
0.40358
0.28525
0.402172
0.580809
0.794545
0.570014
1.18459
0.34432
0.775623
0.333833
0.467529
0.588564
0.271879
0.492638
0.715088
0.65376
1.37756
0.443949
0.427753
0.928124
1.04758
1.45801
1.46294
0.552466
0.505384
1.055
0.571974
0.438633
0.350664
1.20469
0.248375
0.596868
1.2745
0.454259
0.383036
0.35832
0.534657
0.518356
0.881514
0.631786
0.734981
0.327774
0.230228
0.410815
0.634193
0.526835
0.18592
0.404425
0.313671
0.934557
0.645167
0.450125
0.645167
1.3616
0.815418
0.402066
0.387241
0.402066
0.655672
1.70347
0.249993
0.525747
1.47538
1.60151
0.635295
0.422103
0.493834
0.468143
0.717495
0.639461
0.856252
0.305205
0.701928
0.465189
0.461274
0.444528
0.525778
0.478889
0.373125
1.14516
0.433573
0.304503
0.234404
0.438272
0.843935
1.0163
0.506493
0.981323
0.44975
0.722294
0.910939
0.195068
0.421961
0.417087
0.376477
0.380354
1.15778
1.16109
0.357482
0.546802
0.633935
0.25482
0.675897
1.4705
0.95491
0.28761
4.13791
0.757039
0.770457
3.46158
0.780973
0.869649
1.22288
0.425941
1.46044
0.741122
0.428627
1.44634
0.68634
0.406344
0.697443
0.697579
3.5749
0.312382
0.946937
0.455724
0.394812
0.901714
0.957602
0.333734
0.213849
0.490493
0.69101
0.625739
0.241017
0.520443
0.539029
0.493889
1.57589
0.322223
0.29893
1.25796
0.445228
0.516942
0.300213
0.437573
2.35163
4.95881
0.505145
1.12715
0.568429
0.411284
0.612401
0.440229
4.93378
0.188648
0.406713
0.234837
1.82086
0.325673
0.347844
1.08034
0.537799
0.539878
3.08137
0.447712
2.68495
0.352301
0.830189
0.303449
0.661559
0.361355
0.901122
0.419691
0.455167
0.448769
0.733159
0.608455
0.511316
0.171869
0.644913
0.481721
0.581024
0.630063
0.389462
1.12394
2.39531
0.326114
0.754593
0.900276
0.668206
0.472307
0.689783
0.532312
0.597639
1.85253
0.51949
1.12669
0.59147
0.293055
1.21258
0.836198
0.341789
0.943513
0.796581
0.339611
0.947816
1.2843
2.41182
0.78674
0.2733
0.824884
1.79796
0.429785
0.74679
1.79528
0.693459
0.951956
0.36006
0.530454
0.353249
0.638558
0.411585
0.218178
0.775995
0.526125
0.806288
0.451258
0.314416
0.871697
0.832146
0.502427
0.361909
0.355006
0.493717
0.519826
0.511756
0.235904
0.511756
0.216037
0.308807
1.50445
0.659749
0.810045
0.659749
3.35065
0.604546
0.598076
0.734217
0.522997
0.499328
0.347703
0.311723
2.30786
1.14765
0.269653
0.833463
5.99299
2.27654
0.521757
1.0561
0.353562
0.32615
0.857541
0.506169
0.251393
0.394084
0.478498
1.16895
0.270448
1.44801
0.319414
0.456086
0.342544
0.914937
0.900433
0.293677
0.714553
0.175126
0.25374
0.839585
0.160914
0.344726
0.224384
0.477905
0.400083
0.413573
0.245007
0.251225
0.351337
0.961458
1.62376
0.287505
0.187337
1.90345
0.599768
0.752091
0.599768
0.432373
0.491656
0.734043
0.359501
0.384647
0.308942
1.39812
0.308942
0.861786
0.172972
0.357011
0.343856
0.357011
1.83763
0.631898
0.697173
0.702728
5.59493
0.702728
0.644953
0.194688
1.7602
0.89916
0.394533
1.57903
0.223819
0.371289
0.569822
0.591611
0.763505
0.952688
0.303993
0.281366
0.255611
0.114075
0.361978
3.12645
0.521393
0.26725
0.494916
0.364302
0.625699
0.426254
0.439059
2.3626
0.241873
1.06534
0.423903
0.348601
0.449262
0.621421
0.543969
0.418834
0.682924
0.477966
1.84366
0.417384
0.810214
0.806985
0.31071
1.30065
0.356062
0.483112
0.356062
0.416584
1.30487
0.266482
0.278437
0.340546
0.545713
1.61663
0.281047
0.334431
0.319721
0.922207
0.399202
1.64277
1.0704
0.817059
0.475414
0.19213
0.333123
0.510665
0.667528
0.472082
0.49534
0.914958
1.43217
0.344043
1.03834
0.179215
0.374417
0.491279
0.678733
0.556073
0.473289
0.767801
0.754339
0.203435
0.598786
1.02434
0.391662
0.583871
1.45971
0.520745
0.614358
0.93012
0.54034
0.769697
0.61088
0.265677
0.204326
0.20023
1.33276
0.519611
1.26779
0.969973
0.331295
0.392636
1.0678
0.557101
0.867838
1.02177
0.325157
1.35848
0.288642
0.530352
0.583142
0.33921
0.44815
0.494998
0.264075
0.685913
0.566974
0.313599
1.11506
0.500834
0.314806
0.445758
0.345089
0.8263
0.499829
0.999058
0.316564
0.322264
0.563753
1.54956
0.969018
0.683555
0.797631
0.822497
0.89441
0.231551
0.507177
0.562505
0.455537
0.708977
1.14405
2.99488
0.390651
0.534534
0.812168
0.413169
0.335831
0.53076
0.258016
0.454535
0.321426
0.33831
0.720085
0.898777
0.33406
1.08182
0.886422
0.711471
0.251713
0.61045
2.6387
0.612859
0.567896
0.199036
1.70164
0.371901
0.25674
1.35388
0.182823
0.376848
1.01731
0.670787
0.353565
0.283682
1.62274
0.350768
0.47205
0.503053
0.351827
0.360164
1.00835
0.690658
0.616191
0.498492
0.903529
0.608619
0.825941
0.7915
1.37483
1.1163
0.39862
1.15303
0.495783
0.240431
0.60418
0.494317
0.749792
1.0206
0.695836
0.267884
0.498246
3.23911
0.111312
0.873143
0.869439
0.220608
1.6309
1.44663
0.290996
0.450533
0.323757
0.817714
0.577652
1.95997
1.97898
0.481541
0.464741
0.428175
0.75441
0.461771
0.887302
0.543149
0.274599
0.467474
0.389694
0.869679
0.398119
0.755989
0.456373
0.733094
1.24666
1.29113
0.713959
1.07863
0.516727
0.902936
0.564421
0.36861
0.760101
0.468007
0.644229
0.706563
0.438177
0.502032
1.10556
0.542873
0.467851
0.348373
0.47071
1.06651
1.97881
1.18448
0.687909
0.483196
1.01468
0.485132
0.705902
0.530555
0.780026
1.3067
0.707297
0.439521
0.586424
0.578291
0.421281
0.529514
0.177191
1.13546
0.744672
0.666745
0.433296
0.843871
0.654143
2.51466
0.506742
0.458796
0.317992
0.395405
0.461455
0.423124
0.489172
0.269931
0.541482
0.391409
1.07708
0.231459
0.290297
0.896998
0.41637
0.772847
0.655084
1.07482
0.331452
2.83768
0.74471
1.2887
0.586066
0.314698
0.416513
2.43057
0.170283
0.420547
1.37166
0.366531
0.60797
0.916694
0.49209
0.540393
0.845252
0.909156
1.19554
8.76938
0.522914
0.956343
1.09125
0.544091
0.619503
0.131479
0.407464
1.03159
0.337036
1.16419
0.591464
0.652048
0.591464
0.299092
0.37841
1.33562
1.70766
3.61782
0.399116
0.3559
0.872895
0.44771
1.25325
0.915815
0.409681
1.87134
0.622381
1.5663
0.526069
0.607667
0.308527
0.554174
2.14189
1.29983
0.872902
0.375703
0.515187
1.41209
0.887879
1.20197
0.337218
0.511773
0.28718
0.301626
3.9132
0.391364
0.860349
0.962503
0.449237
0.782282
0.371865
0.131541
0.623516
1.77165
1.3219
1.16241
0.675075
0.378995
0.765899
0.668649
0.396887
1.49525
0.861244
0.819795
0.772089
0.218859
0.482426
0.450924
1.84612
0.450924
0.775642
0.592912
0.639458
0.394758
0.504207
0.436748
0.504207
0.659928
1.49448
0.338557
0.463881
0.390625
0.444966
0.31339
0.307618
0.270061
0.668728
0.480667
0.623187
0.415993
0.693361
0.531502
0.854771
0.480978
0.960319
0.235343
0.76378
0.548139
0.493537
0.830637
0.341483
2.00984
0.167048
0.498938
0.535146
0.305622
0.183693
0.360016
0.380321
0.941544
2.38693
0.646202
0.387831
1.66838
0.789347
0.373765
0.271485
0.373765
0.517939
0.553081
0.23602
1.27361
0.553687
0.724481
0.259536
5.18918
1.16594
3.10855
0.458732
0.438326
0.377016
1.04382
1.23428
0.936336
1.2755
0.97508
0.323239
0.775894
0.476499
0.230523
0.804789
0.621568
1.10314
0.420122
0.446371
0.845825
0.488901
0.649191
0.636552
0.40515
0.437384
0.986653
0.586291
0.922631
0.371702
0.300102
0.145803
0.682506
0.487811
1.55166
0.349945
0.325163
0.934458
0.509969
1.00874
0.352516
0.187399
0.414898
0.473258
0.925348
0.867827
0.802737
0.3849
0.480622
0.293381
0.271903
0.736764
0.652578
0.994148
0.448456
0.336426
3.64224
0.396222
0.41857
0.914541
0.808062
0.550232
0.498313
0.596442
0.420619
0.505565
0.731466
0.960709
0.717556
0.960709
0.80533
0.435727
0.348244
0.55134
0.826736
0.521922
2.7742
0.490539
0.416934
1.23459
0.359811
3.34145
1.32145
0.430815
0.563911
1.08851
1.31012
0.772401
1.19084
1.8927
0.738113
0.705635
0.321416
0.283619
0.339327
0.202392
0.74646
0.513942
0.335086
0.577348
0.454218
0.789081
1.37096
0.588435
1.01951
0.880415
0.606931
0.820729
2.32311
0.623371
0.984712
0.664555
0.973244
0.656824
0.842191
0.731576
0.829086
0.317869
0.310578
1.01938
0.331186
1.07637
0.418959
0.542539
1.19839
0.866906
0.52998
0.356317
0.480139
0.201264
0.499829
0.354125
0.348796
0.630109
0.21461
0.488549
2.71055
0.647871
0.272394
0.307678
0.856217
0.739005
1.37729
0.211353
0.652784
0.385889
0.960339
0.212656
0.201783
0.82167
0.859873
0.315212
3.33228
0.372881
1.19894
0.706909
1.03791
0.335034
0.33512
0.643162
0.792832
0.532019
0.396767
0.764101
0.629462
0.845595
1.40769
0.210141
0.631537
0.347391
1.44912
0.235276
0.227386
0.374364
0.846171
1.09573
0.616272
0.47305
3.39609
0.620555
0.607856
0.40191
1.06912
0.893315
1.03715
1.11638
0.239983
0.798216
0.356993
0.651127
0.298786
0.563963
1.38141
0.641273
1.23701
2.29904
0.148358
0.395533
2.19397
0.395533
0.404541
0.332811
0.955419
1.6194
0.776694
0.348895
1.09786
0.509368
0.760762
0.814444
0.506176
0.374129
0.524451
0.537235
0.564459
0.293719
1.54871
0.470422
3.98031
0.3399
0.368934
2.19831
0.564201
0.638868
0.293024
0.420527
0.313548
0.547163
0.599561
0.416814
1.54108
1.04572
0.9454
0.301722
0.171198
0.910844
0.355082
0.293199
0.858777
0.23268
0.34092
0.422915
0.517308
0.549397
0.551354
0.35326
0.389828
0.982937
0.17803
0.750852
0.564557
0.665989
1.23117
0.60715
0.349098
0.595447
0.830032
0.244209
0.744082
0.507202
0.231202
0.426922
0.667959
0.428288
0.50575
0.272756
0.705776
0.483447
0.424099
0.291603
0.251015
0.802232
0.337475
0.260871
0.826795
1.73919
0.312372
0.607256
1.23605
0.696143
0.782271
0.696143
0.40687
0.930599
1.2387
0.789029
0.77415
0.302251
0.935469
0.2343
0.324217
0.998495
0.401852
0.455711
0.809155
0.285092
1.48587
0.233964
0.389251
0.474369
0.965762
0.69326
1.27932
0.69326
2.08434
0.850113
0.528161
0.319603
0.486159
0.517751
0.399871
0.881606
0.541794
0.645738
0.541794
0.520837
0.815967
0.899459
0.388153
0.517219
0.533346
0.319355
0.375783
0.324464
0.528799
0.526942
0.528799
0.994466
0.382966
0.517484
0.39704
2.7021
1.50779
0.755193
0.389358
0.527662
1.22685
0.840838
3.17698
1.13246
0.8008
0.24349
0.5913
0.55094
0.307155
0.331361
1.76241
0.384643
0.459943
0.904197
0.379903
0.684438
0.982643
1.18024
0.640089
0.226133
1.50285
1.04976
1.6905
0.555001
0.251435
0.411342
0.838055
0.370775
0.231381
0.666899
0.24444
1.63158
0.612077
0.207599
0.42656
1.06314
4.12401
0.832474
1.12647
0.545757
0.823448
0.312992
0.536473
0.338165
0.51191
0.480759
1.08394
0.513888
0.384603
0.597695
1.59664
0.346603
1.4834
0.352091
0.448357
0.828845
2.08723
1.95782
1.108
5.23278
0.581694
0.930714
0.354399
0.331546
0.373249
0.331546
0.221087
0.245405
0.660481
0.250731
0.992944
0.432547
0.295163
0.442495
1.0294
0.252623
0.859754
0.719946
0.6988
0.660982
0.820837
0.512702
0.618282
0.55189
0.806438
0.483205
1.97599
1.29497
0.542029
0.279753
1.18335
3.28899
1.55511
0.171254
0.205377
0.633921
0.946172
0.560993
0.476829
1.12487
0.284008
0.410776
0.77135
2.22613
1.3426
1.44526
0.69449
0.537804
0.547437
0.674199
0.32701
1.23392
1.24437
1.08846
0.386751
0.289867
0.719275
0.472521
4.46726
0.318282
1.32322
0.478614
0.497272
0.377004
0.254518
0.621282
0.887292
0.479407
0.426228
0.214224
0.233523
0.214134
0.42371
0.431372
0.287601
0.980481
0.344477
1.28792
0.748205
0.418493
3.73108
0.852823
0.176035
0.625633
0.833244
0.422997
0.251295
0.423551
0.585196
0.636653
0.693821
0.641124
1.69809
0.692019
0.598894
0.935336
0.91206
0.786697
0.351455
0.792984
0.296204
0.648292
0.619973
1.11513
1.9777
0.864284
0.550043
0.821987
0.578589
1.01754
0.913318
2.02303
0.344439
0.204727
0.275627
0.53754
0.341611
0.274521
0.958086
0.477525
1.18717
0.47844
0.420453
3.74133
1.08461
0.386257
0.463219
0.30751
1.73675
0.278961
1.07874
0.305765
1.10296
0.325299
0.17309
0.766458
0.711345
0.735536
0.414294
0.575086
0.528373
0.437663
0.543645
0.345779
0.746181
0.313395
0.713683
0.540404
0.424124
0.266983
1.37557
0.547621
0.74216
0.576203
2.89602
0.274806
0.452304
1.46691
0.797357
0.45887
0.674398
0.424372
1.91271
0.914939
0.497353
0.294734
1.13941
0.241515
0.780874
0.341112
0.497896
0.573792
1.38794
0.281801
0.16029
2.2633
0.313456
1.18795
0.636078
0.632741
2.91852
0.543366
0.541845
0.361912
1.15559
0.779998
1.72426
0.311912
0.587461
0.555942
0.564616
1.05817
0.648803
0.22928
0.257935
0.516444
0.486348
0.463066
0.421527
1.01498
1.58522
0.838961
1.3107
0.976252
0.476269
0.333557
0.597773
0.333557
0.841147
0.270864
0.447961
0.56894
0.793219
0.337291
1.05563
0.834695
0.243038
0.431747
0.153319
0.370705
0.659084
0.828325
0.396424
0.484355
0.820092
0.634325
0.841076
0.182636
0.245318
0.629748
0.888048
3.25597
1.08853
0.458337
1.52517
0.425879
0.967366
0.502063
0.453612
0.136085
0.946586
0.316886
0.828927
0.389366
0.505767
0.762992
0.407618
0.374988
0.149534
0.185462
0.28224
0.528913
0.509415
0.567472
0.511122
1.21515
0.248197
5.83342
0.391143
2.09264
0.881458
0.696863
0.311143
0.996666
0.963529
0.721947
1.90973
0.299161
0.894624
0.824849
0.86271
0.283556
0.600524
0.331584
0.568828
0.220047
1.15548
0.314486
0.331993
1.14304
0.263718
0.38168
0.283951
1.19171
0.218799
1.17786
0.367092
0.51527
0.558537
0.747419
0.580582
0.796042
0.551404
0.942679
0.77348
0.53291
0.270234
0.687966
0.830299
1.59119
0.261392
0.876462
1.39763
0.660005
0.72979
0.173062
0.640976
0.258658
1.38747
0.295488
0.51796
0.394062
1.41319
0.713223
0.52056
2.12089
0.372673
1.67807
0.616154
0.77707
0.976804
0.48395
0.511714
0.354834
1.00328
0.295812
1.24157
0.202768
0.427172
0.309095
0.570103
0.370711
0.473763
0.642641
0.778945
0.513251
0.213909
1.8958
0.482267
0.307664
0.798499
0.709941
1.47509
0.571872
0.47948
0.537723
0.341702
0.340093
0.589614
0.334592
1.53032
0.673814
1.00398
1.11795
1.33541
1.03953
0.484871
0.618733
1.22467
0.445743
0.599435
0.826604
0.450773
3.39246
0.698107
0.596671
0.819525
0.711668
0.378674
1.44479
0.598316
1.66707
1.0318
1.096
0.42803
0.552151
0.643004
0.369728
0.426817
0.363624
0.686945
0.938081
1.04144
0.976772
0.664542
0.493609
0.664542
1.0638
0.620712
0.273707
0.606529
0.428938
0.624217
0.300909
0.425873
0.677575
0.571502
0.789244
1.1555
0.930851
0.362041
0.905084
0.592056
0.298403
0.460551
0.600573
0.517514
0.565916
0.525853
0.411758
0.421282
0.33903
0.278257
0.437706
0.636992
0.509851
0.806263
0.423508
1.26862
0.578538
0.384447
0.400342
0.427198
0.473075
5.83533
0.476113
1.34712
0.375645
1.06438
2.85259
1.88302
0.326276
1.57998
0.77775
1.2849
0.635865
0.240667
0.617973
1.99541
0.656676
0.240611
0.358305
0.943957
1.19159
0.793027
0.351644
0.640963
1.03401
0.987516
0.500296
2.90563
0.208633
0.651769
0.360579
0.423977
0.257814
0.569289
0.497901
0.634515
0.326538
0.342469
0.358796
0.481012
0.477945
0.305964
0.255575
0.387702
1.56651
0.393408
0.72668
0.917771
1.20762
0.408717
0.357811
0.39821
0.500921
0.447071
0.359195
0.506303
0.493373
2.31319
0.950517
1.2466
0.859271
0.366837
0.90652
0.868049
0.302519
0.87013
0.288386
0.455482
1.05731
0.375689
0.329843
1.06706
0.710312
2.24317
0.166354
0.318735
1.45525
0.573948
0.811366
0.573948
0.807452
0.97058
0.479073
0.607223
0.53857
0.428767
0.402999
0.472359
1.52301
1.52511
0.614138
0.263923
13.4992
0.408461
0.195719
0.463032
0.870214
0.548088
0.23461
1.26988
0.854442
0.645276
0.501855
0.233879
1.53231
0.647399
1.80356
0.617873
0.380071
0.425112
1.57304
0.991279
0.650395
0.999486
0.507817
0.570252
0.423002
2.92586
0.414834
0.505343
0.20104
0.492065
0.35894
0.706261
0.352936
1.32639
0.445536
0.473144
0.322974
0.642748
0.68814
0.471867
0.494588
0.471867
0.238495
1.13442
0.670146
0.654694
1.46283
1.19112
0.83541
2.04647
0.759517
0.784608
1.10629
0.322984
0.225259
1.13465
0.282126
0.384579
0.263017
0.44953
0.405592
1.28002
0.454647
1.05836
0.554919
0.448761
0.414385
1.36043
0.454421
0.291666
0.387133
0.737664
0.433465
0.239837
0.677545
0.201188
0.665845
0.620579
0.414123
0.751663
0.326332
0.692786
0.408921
1.48739
0.876215
3.48524
1.96613
1.39675
1.44652
0.496276
0.370975
0.659511
0.768937
0.996119
0.596283
0.679188
0.48234
0.71017
0.887683
0.744992
1.31204
0.74791
0.927554
7.49433
0.184094
0.838578
1.19731
0.829013
0.846626
0.448814
0.554789
0.620953
0.784702
0.251954
0.906977
0.189196
0.85076
0.487702
0.823466
0.564254
0.497294
0.622149
0.295913
0.345161
0.519733
0.407085
1.3621
0.33948
0.859367
0.966457
1.11028
0.437512
0.334806
0.660421
0.615546
0.442128
1.23374
0.266683
0.77895
0.531835
0.1812
0.206187
0.771083
0.556923
0.225862
0.51105
0.268745
0.743016
0.343636
0.681364
0.239016
0.521318
0.83837
1.39649
0.454994
0.573966
0.261039
0.956983
0.489468
1.37542
0.461046
0.405504
0.736689
0.318456
0.823856
0.547662
0.662674
1.20893
0.521377
0.997146
0.706211
0.896897
0.231287
0.391912
0.438614
1.31001
0.503421
0.416767
0.561696
0.303958
0.193916
0.214773
0.643818
1.48684
0.567777
1.09635
0.240658
2.29116
1.53385
0.906319
0.87903
0.876513
0.900976
0.69246
1.27529
0.652833
0.743421
0.419575
0.731601
0.387869
5.13493
0.533955
0.368928
0.561545
0.737359
0.799009
0.545365
0.504477
0.376299
1.07838
0.864742
3.0328
0.57519
1.89602
0.609991
0.498086
1.30272
0.564482
0.165986
0.237121
0.512013
0.993037
0.288799
0.334374
0.618527
0.593154
0.655229
0.446726
0.177806
0.958842
0.454445
0.280595
0.658259
0.569549
0.815343
3.37354
0.417679
0.769675
0.180524
1.55899
0.288097
1.91555
0.445157
0.423562
0.650933
1.00305
0.499135
0.383159
0.39763
0.711874
0.242961
0.672098
0.671276
0.854799
0.218753
2.15327
0.648706
0.344253
0.353058
0.231671
1.05844
0.543933
0.750485
1.0173
0.986986
0.355774
0.302455
0.560658
0.808711
0.60268
0.423672
0.84352
0.356878
0.454078
0.666039
0.212682
0.599164
0.49414
0.471054
0.364784
0.334692
0.290783
0.511709
0.828094
0.326653
0.439061
0.411494
0.332614
0.400318
0.547499
0.422844
6.92557
0.289475
0.503651
0.935439
0.445065
0.443976
0.245916
0.456151
0.751147
0.489303
1.33415
0.535081
0.40912
0.535081
0.308637
0.459436
1.68242
0.357209
3.97166
1.56203
0.528632
0.471732
2.64072
0.62965
0.482477
0.873404
0.523241
0.621796
1.48814
0.686866
0.283048
0.17304
0.339856
0.876829
0.654175
0.310627
0.287115
0.230389
1.2156
0.632138
0.282496
0.849967
0.548438
0.248012
0.23677
0.29402
0.755794
1.06969
0.385696
0.493057
0.442129
0.512635
0.903716
0.305205
0.24082
0.629074
0.178108
0.549164
0.540819
0.221847
0.292837
0.282043
0.319115
0.630034
1.26332
0.311906
0.348381
0.27988
0.574268
1.14801
0.550791
0.385151
0.579819
1.19769
0.626778
0.402453
0.746739
0.855556
0.336871
0.924872
0.242923
0.568025
0.481189
0.382214
0.234079
0.433935
0.510225
0.70766
0.682575
0.220065
0.259619
0.523172
0.605381
1.00389
0.500217
1.51999
0.924015
0.346207
0.818724
0.4254
0.551609
0.555097
0.701787
0.703311
0.198346
0.237364
0.67845
1.0662
1.15287
0.914084
1.33956
1.93283
0.848144
0.546965
0.528362
0.673436
0.287977
0.425025
0.478707
0.235589
0.426645
0.213639
0.426645
0.304153
0.441371
0.369692
1.56379
1.08751
1.04159
0.563004
0.559311
0.361792
0.978053
0.814639
0.45719
0.802346
0.261701
0.217227
0.173047
0.188862
0.664591
0.697763
0.452274
0.343053
1.23171
0.269073
0.385187
0.586701
0.480982
0.339696
0.681149
0.430779
0.725671
1.45076
0.368414
0.246911
0.552769
0.468125
1.15071
2.0856
0.361672
0.901305
0.476291
0.556266
0.811045
1.15132
0.565725
0.449416
0.845488
0.228007
0.309712
0.93944
0.418891
0.461318
0.543582
0.424031
0.811365
0.440163
0.52642
0.757153
1.08217
0.979196
0.875626
1.88065
2.12974
3.55651
0.2293
0.521936
0.140777
0.604881
0.863584
0.271736
0.336233
0.898514
1.05831
0.661922
0.380247
0.435582
0.641063
0.642566
2.14084
0.733137
0.531203
0.628564
0.526464
0.549647
0.514218
0.603232
1.11701
0.694724
0.569017
0.945764
0.615429
0.381019
0.56659
0.596606
0.263726
0.709081
1.01687
0.51479
0.421154
1.03808
1.14249
0.236389
0.21192
0.353186
0.342447
1.05134
0.273183
0.59772
0.652164
0.242745
0.458735
0.321777
0.423246
0.539821
0.438516
0.277944
0.138792
0.38942
0.845912
0.747556
0.995397
0.260799
0.648914
0.322662
1.42573
1.31301
0.655623
0.338635
0.509887
1.15759
0.352418
5.67345
0.607013
0.551685
0.317423
0.551685
0.920145
0.62865
0.540581
0.666892
0.175075
0.783031
0.506918
0.885356
0.468532
0.299404
0.533749
0.775477
0.30441
0.586009
0.772678
0.399855
0.798642
0.820248
0.207869
0.420709
0.244395
0.645589
0.597668
1.17428
0.410561
0.495789
0.603676
1.09187
0.511777
0.390128
0.615033
0.455377
1.31763
1.89483
0.42187
0.356475
0.53724
0.533886
0.318795
1.02411
0.801146
1.20734
0.5267
0.719856
0.628441
0.254996
0.884645
0.638908
1.57978
0.230832
0.393551
0.699487
0.784676
1.49038
0.450483
0.303293
0.613213
0.367116
0.553255
0.263902
0.15985
0.303497
1.05861
0.674221
0.730748
0.242117
0.730748
0.661588
0.253575
0.511469
0.45932
2.18475
0.966079
0.348923
0.613504
0.213488
0.732442
0.821735
0.660061
0.326672
0.850335
1.59834
0.95711
0.315699
0.321605
1.24952
0.384521
0.631964
0.35603
0.589252
0.31368
0.576366
0.520746
1.04406
0.503566
0.77379
0.323258
0.631786
0.40986
0.369084
0.318335
0.287441
0.941346
0.303547
1.60518
0.602395
0.650574
1.42972
1.98935
0.490077
0.357024
1.5933
0.676964
0.375542
0.449748
0.347032
0.153692
0.25183
1.19352
0.778584
0.82317
0.780241
0.253285
0.335889
0.651707
0.880232
0.304609
0.333422
1.23548
0.633113
3.56614
0.246621
0.737313
0.233725
0.288629
0.43519
0.392359
0.236201
0.54549
0.806192
1.54306
0.267133
0.808945
0.723818
0.846438
1.03198
0.762532
0.902427
0.736409
0.731472
0.754536
0.174046
0.72174
0.315406
0.76851
0.326581
5.94438
0.652227
3.19653
0.443066
0.307655
0.269156
0.581284
0.285783
0.351748
0.28593
0.66151
0.340319
0.508153
0.807837
1.19308
0.500868
0.563177
0.810969
0.699094
0.357544
0.446179
0.676689
1.51009
2.22075
0.24453
0.353635
0.362959
0.5638
0.281832
0.679657
0.545037
0.309884
1.61577
0.272423
0.570709
0.377939
0.530037
0.617551
0.356395
0.290505
0.913933
0.971986
0.739802
0.460687
1.1289
0.802444
7.60531
0.669206
0.664005
0.468139
0.401976
0.402808
0.333171
0.450736
0.308621
0.380057
0.652955
0.570966
0.437051
0.262283
0.390236
1.20182
0.515154
0.339121
0.450281
0.434081
0.334554
0.259316
0.604636
0.581136
0.61454
0.997316
0.457351
0.797033
0.391292
0.343619
2.18544
0.343619
0.812847
0.529611
0.421797
0.313406
0.208739
1.02284
0.843366
0.399787
0.447627
0.928686
0.70558
0.250067
0.521093
0.411223
1.00637
0.352156
0.345237
0.45794
0.414973
0.537904
0.414973
0.608134
0.56244
0.185291
0.34843
1.91869
1.99805
0.354971
7.94536
0.399939
4.92145
0.720084
3.24022
0.449659
0.598639
0.779324
1.84077
1.07074
0.61301
0.502939
1.88373
0.28155
0.685961
0.529646
2.99243
1.14075
0.881807
0.64979
0.72219
0.802871
0.723128
1.10118
0.410505
1.19583
0.188391
0.752895
0.405065
0.646161
0.631168
0.791929
0.713018
0.609106
1.00788
1.28962
0.686959
3.92517
0.493481
0.676333
0.812285
0.54538
0.830517
1.82795
0.96832
0.517428
0.373888
0.465543
0.74918
0.261906
0.266919
0.814857
0.471098
0.291706
0.222273
0.604
0.461696
0.633669
0.860072
0.446947
0.683495
1.10036
1.05037
0.551983
0.583051
0.225394
0.630542
0.995448
1.8208
0.478281
0.471461
0.218896
0.707849
0.208204
0.660571
0.399252
2.0901
0.50641
0.309091
1.60898
0.896633
1.09716
0.685129
0.686818
1.55877
0.527334
0.912776
0.339764
1.04381
0.445734
14.2313
0.379445
2.62473
0.418347
0.328394
1.50419
0.339483
0.777138
0.517381
0.351758
0.630027
0.490358
0.326805
0.838292
0.85003
0.499272
0.85003
0.552725
0.36113
0.365736
0.700585
0.568942
0.260153
0.471475
0.688658
1.27312
1.45114
0.577275
1.01697
0.923475
0.505521
0.530402
0.33642
0.210279
1.05085
0.284354
0.391532
0.795379
0.602286
0.439411
0.25361
0.449444
0.671995
0.666131
1.01669
0.497329
0.433236
0.370985
0.270783
0.392731
0.917977
0.604903
0.29379
0.61578
0.657416
0.476554
1.09469
0.355475
0.654662
0.35575
3.49658
0.340539
0.539972
0.71431
0.54624
0.783248
0.438872
0.496769
0.283604
0.3973
0.708953
2.22606
0.485472
2.87435
0.402821
1.11309
0.679279
0.3129
0.443848
0.23291
0.381933
0.648886
0.490545
0.569115
0.554048
0.390116
0.30977
0.4333
1.5858
0.188324
0.452757
0.547912
0.49676
3.8748
0.439551
0.766961
0.498169
0.417943
0.136849
0.670135
0.704338
0.371484
0.233918
0.51702
0.231891
0.337994
1.16243
0.179492
2.7743
0.285248
0.693547
0.93718
0.416933
0.693852
0.486476
0.486536
0.403791
1.15567
0.64714
0.353374
0.331399
0.560701
1.79307
0.362476
0.222893
0.644406
0.656386
0.670129
1.54903
1.38926
0.879022
0.38445
0.267076
0.622584
1.16354
0.467758
0.532744
1.08205
0.532744
0.959508
5.07406
0.348042
0.837974
0.452522
0.837974
0.814936
0.506117
0.320071
0.519502
1.2952
0.461246
0.463894
0.901275
0.51574
0.450241
0.296545
1.34584
0.955889
0.476432
0.895245
0.586865
0.628462
1.97758
0.562237
1.96925
0.958516
0.330201
0.567555
2.55223
0.575581
1.22601
0.481295
0.32897
0.424376
0.272261
2.52006
0.512541
0.636103
0.678528
0.323204
1.19424
0.420311
0.205072
1.21434
0.424531
0.341606
0.364351
0.549256
0.934841
0.41273
1.6377
0.33065
0.263813
0.355438
1.85916
1.65403
0.592007
0.696999
0.73161
0.656289
1.86524
0.456883
0.31933
0.233718
0.282199
0.788698
0.761028
1.27178
1.64726
1.01521
0.339705
0.183156
0.541267
1.15637
0.361728
0.214618
0.585555
0.304711
1.87076
0.985951
0.380642
0.60697
1.20271
0.358758
0.694144
0.693751
0.464463
0.399395
0.636752
0.326249
0.518012
0.204266
1.46332
0.267305
0.288391
1.04259
0.601873
0.767661
0.690843
0.387058
0.219734
0.160463
0.964065
0.397221
0.800245
0.138177
0.245767
0.56395
0.229738
0.586251
1.31436
0.297739
0.973623
1.88978
0.500475
0.322908
0.200976
0.436807
1.4787
0.508837
0.739883
0.372415
0.350575
0.657734
0.606246
0.18061
1.06004
0.746395
0.871686
0.407764
0.331839
0.508052
0.987352
0.798187
0.556705
0.174103
0.401592
0.629406
0.289861
0.708848
0.620131
0.708848
1.56411
1.22067
0.457921
1.08036
0.372607
0.784989
1.07616
0.371371
0.233678
1.40316
0.339707
0.555032
0.877842
0.709628
1.56879
0.343207
0.308755
0.278067
0.672091
0.968902
0.449076
0.435762
0.462617
0.562792
0.991434
0.562792
0.977075
0.266387
0.62962
1.36184
1.33639
0.36732
0.547158
0.569237
1.68001
0.541169
0.351056
1.23473
1.70917
0.559791
0.629217
0.559791
2.4576
0.619122
0.32596
0.399597
0.724837
0.520182
0.294689
0.549148
0.436991
0.883868
1.14936
0.45728
0.475912
0.927886
1.05206
1.81988
0.463384
0.254351
0.627607
1.23246
1.09828
0.435985
0.487754
0.59895
0.374313
0.525903
0.67131
0.982014
0.751046
0.367847
0.811264
0.71291
0.382645
0.575534
0.23939
0.241727
0.597191
0.915696
0.486628
0.330214
0.745286
0.398433
0.646735
2.31035
0.733081
0.445009
0.355416
0.51417
1.14296
0.779123
0.433683
1.73792
1.00915
0.404793
0.545214
0.299357
0.482467
0.653579
1.72381
1.43873
0.63899
0.596176
0.939245
0.575138
0.718244
0.289296
0.332286
0.214547
0.321014
0.482163
0.37992
0.551691
0.253736
0.322281
1.0435
0.193321
0.85178
0.890809
0.526304
0.537128
0.625552
0.277314
0.376717
0.474162
1.29349
0.259867
1.13539
0.37254
0.525036
1.26243
0.278782
1.38476
0.359403
1.28383
0.277813
1.45442
0.462125
1.02577
0.395833
0.551611
1.96336
0.207112
0.294083
1.05524
0.843885
0.686652
0.152926
0.422916
0.973301
0.403265
0.530786
0.777388
0.442264
1.08874
0.575537
0.912793
0.492043
0.310356
0.472214
0.551323
0.857005
0.786487
0.492255
0.444312
0.450987
0.6489
0.198731
0.659612
0.24714
0.324181
0.224276
0.30055
0.336423
0.747425
0.458187
0.340019
0.55716
0.636309
0.532545
0.959907
0.61273
1.14221
2.6522
0.582362
0.698221
0.582494
0.287673
0.452126
0.354303
0.716943
0.416283
0.675727
0.667379
0.381272
0.380158
0.523673
0.813353
0.566334
2.82906
0.301901
0.544939
0.561141
0.449766
0.249447
0.667271
0.254559
0.251971
0.56973
2.0156
2.64751
0.451057
0.578145
0.54751
0.279598
0.317482
0.265454
0.531872
0.411237
2.85091
0.550604
0.878517
0.275977
0.449553
0.436492
0.473275
0.413093
0.734884
0.302161
0.29801
0.452334
0.56641
0.905582
0.437204
0.622884
0.682496
0.845432
0.964261
0.310079
0.344328
0.320891
0.647556
1.33562
0.296037
0.748526
0.20246
0.266405
0.676381
0.427207
0.312128
0.837848
0.715055
0.493458
0.183304
0.36978
0.902821
0.753147
0.457303
2.67764
1.4995
0.634227
0.802083
0.477615
0.728451
0.918711
0.379939
0.488814
0.302824
0.963901
0.36628
0.534458
3.15734
2.19422
0.692355
0.277651
1.92349
0.751843
1.30273
0.733671
0.950535
0.285046
0.677787
0.367403
1.97211
0.903557
0.309207
0.822327
0.275535
0.269163
0.758398
0.301797
0.540242
0.477575
0.548676
1.43614
0.257161
0.46671
0.346586
0.606001
1.53952
0.352261
0.554776
0.533883
0.770098
0.562412
1.00183
0.600697
0.744074
0.40584
0.38638
0.279982
0.642993
0.532136
1.09856
0.598934
0.620929
1.60682
0.511337
0.309179
0.700387
1.25496
0.430609
1.59989
0.519987
0.555077
0.555583
0.804247
0.840775
0.700647
0.959634
0.576681
0.363653
0.397113
0.540879
0.381086
0.505652
0.287758
0.31589
0.507435
0.180545
0.610636
0.243286
0.571556
0.339966
0.571556
0.520164
0.237167
0.364121
0.239663
0.285812
0.592831
0.464432
0.223991
0.631853
0.436721
0.384759
0.724108
0.534592
0.376481
1.80368
0.793072
0.499321
0.793072
0.499321
0.477528
0.330255
0.479793
0.295302
0.435808
0.527818
0.855963
0.682402
0.517204
0.616397
0.522457
1.55052
1.09216
0.10859
2.28826
0.344358
0.511783
1.17499
0.455198
0.661791
0.229139
0.830694
0.481212
0.715464
0.658155
0.48242
0.844507
0.48242
0.687537
1.06398
0.918545
0.411565
1.00143
0.441737
0.525013
0.241034
0.507196
0.389494
0.50594
0.842364
0.261325
3.76179
0.298806
0.920014
0.950065
0.553438
1.16913
0.703819
4.00224
0.194007
0.848124
0.967508
0.40271
0.477931
0.859026
0.804438
0.382306
1.11813
0.746264
1.18303
0.897442
0.396737
0.660007
0.605733
1.5879
0.284634
0.323998
0.552762
0.367792
0.495158
0.37784
0.325632
0.417545
0.483101
1.15133
0.709281
0.814435
0.623226
0.48187
0.47382
0.197614
0.983353
0.469272
0.841156
0.21557
2.16927
0.255676
0.756076
0.248042
0.624115
0.920075
0.688586
1.1336
0.688586
0.273329
0.140697
0.555941
1.15529
0.202936
0.519131
0.315977
0.803351
0.579574
0.691882
1.57247
0.342427
0.263407
0.243693
0.479034
0.675476
0.732203
0.210565
0.756112
1.26234
1.85109
0.696446
0.252381
4.55279
0.380472
0.428327
0.910326
0.468124
0.498838
0.461115
0.251195
0.730382
0.331687
0.408504
0.44193
1.66844
1.21555
0.872323
0.482624
0.627464
0.301241
0.232067
1.20691
1.30609
0.32773
0.459558
1.12959
0.22258
0.429569
0.639975
0.70641
0.417137
0.989521
0.546214
0.249503
0.616361
1.45473
0.801015
0.444715
0.801015
0.239254
1.04903
0.820425
0.396969
2.08038
1.34587
0.357114
2.14578
0.297779
0.272704
1.0052
2.5625
0.284517
0.616233
0.425033
1.0735
0.795824
0.362043
0.468229
1.08291
1.49907
0.961048
1.0988
1.03616
0.401883
0.565601
0.5719
0.617133
1.31306
0.729464
0.244178
0.440974
0.458553
0.852232
0.458553
0.656134
0.410264
0.752063
0.831123
0.48411
2.14818
0.370699
0.368989
0.332829
0.556913
0.615004
1.25366
1.24611
0.666756
3.15239
0.150533
0.922201
0.372218
1.29606
0.851345
0.48862
2.25695
0.490618
0.608297
0.49609
0.668694
0.376251
0.871932
0.350232
0.752148
0.212302
0.969222
0.688625
0.514601
1.49934
0.533583
0.391294
0.560263
2.77522
0.414523
0.336581
0.414523
0.202761
0.783625
0.317673
0.7047
0.523548
0.358073
0.465055
0.467459
0.554613
0.795359
0.275992
0.469082
0.260774
0.307093
1.17277
0.770441
0.184374
0.689808
1.30671
0.435112
0.550368
1.27323
0.605862
0.416002
1.80116
0.623124
1.4208
0.793364
0.810811
0.536811
0.228558
0.531398
0.588535
0.631121
0.497103
0.645054
1.38742
1.4724
0.305051
0.498221
0.79646
0.660028
2.1568
1.14992
0.458837
0.257102
0.238251
0.221984
0.529106
0.283585
0.362655
1.11367
1.71207
0.439718
1.10631
0.291054
0.38066
0.329431
0.756467
0.601267
0.836617
1.25415
0.550642
0.745062
0.768107
0.558887
0.45754
0.315233
0.375168
0.412364
0.458578
0.366561
1.65059
1.27146
0.323075
0.391692
0.423632
0.23669
0.277854
0.565709
0.393522
0.442512
0.463173
0.531783
0.577969
0.323059
2.76105
0.278895
0.254095
0.593564
0.813703
0.704122
0.856047
0.486003
0.363584
0.385664
1.10383
0.611611
0.338783
0.848775
2.35163
0.521166
1.75186
0.596636
0.555495
0.259034
0.555495
1.01255
0.527557
1.21528
0.367932
0.372039
0.682038
0.411639
1.23334
0.353551
1.33497
0.651897
1.0755
0.36425
0.465154
0.266736
0.377954
0.762122
0.510798
0.468918
1.41109
1.30122
1.52852
0.276955
0.733136
0.490049
0.221017
0.239787
0.53506
1.33697
0.512524
0.540641
0.295245
0.664447
0.418879
0.487372
1.00993
2.10975
0.647007
0.381751
0.73819
0.454159
0.319315
1.31729
0.588966
0.459209
0.984824
0.460382
0.373964
1.36473
2.05583
2.08619
0.309219
1.00326
0.333717
0.509387
0.297343
0.397816
1.47321
0.341886
0.326712
0.301281
0.298273
0.453755
0.502948
0.370986
1.78576
0.310866
0.920935
0.276276
0.159873
0.788431
0.561498
0.707516
0.813263
0.393223
0.75853
0.999535
0.471956
0.859169
0.22994
0.513197
0.698765
0.771178
1.4358
0.461694
0.665668
0.383686
0.227785
1.14256
0.338741
0.529666
0.272058
2.47886
0.833048
0.569137
0.62844
1.45065
0.66634
0.56108
0.683401
0.301325
0.952065
0.310936
0.555957
1.08511
0.941845
0.381249
0.323831
0.472379
0.376587
0.638571
0.41842
0.764116
0.501213
0.40443
0.501213
0.381851
1.05524
1.02702
1.75269
0.269042
0.267547
0.382602
0.362402
0.857624
0.577931
0.735893
0.234318
0.916641
0.782127
0.41402
0.206302
0.163225
0.409087
0.603503
0.420756
0.425323
0.250743
0.44409
0.424543
0.581597
0.595681
0.218963
0.304551
0.427335
0.844672
0.775312
0.750967
0.528798
0.602684
2.38234
0.162951
0.31831
0.87702
0.980138
0.510934
1.55184
1.42011
0.338385
0.543643
0.390809
0.836607
1.26105
0.83521
0.76528
0.473061
0.564888
0.821652
0.306402
0.733383
1.02305
0.511109
0.4887
0.415067
0.275137
0.23583
0.412729
0.827429
0.183171
0.390416
0.187066
0.517523
0.427864
0.63147
0.305944
0.428431
0.444669
0.412141
3.74321
0.894427
0.601482
0.581607
0.714272
0.446833
0.421544
0.332589
0.68715
0.60531
0.342129
0.291193
0.369414
0.460924
0.573662
0.309837
0.325158
0.330898
1.60647
0.466395
0.380455
0.391116
1.1167
0.956211
0.199469
0.516519
0.366791
0.355959
0.232394
0.371076
0.851894
0.809439
0.851894
1.5356
0.32227
0.389436
1.1214
0.667812
0.540929
0.602315
1.62879
0.830232
1.89186
1.26207
0.185642
0.246356
0.474675
0.57754
0.651458
1.42182
0.739524
0.249976
0.664083
1.00985
0.516595
0.259652
0.280279
0.536702
0.501611
0.636048
0.231996
0.807172
0.596997
0.513049
1.04856
0.942411
0.923524
0.449205
1.52707
0.388841
0.645854
0.628842
0.431847
0.442203
0.587887
0.449173
0.582388
0.358314
0.246577
0.587073
0.819365
0.448269
0.415859
0.746838
2.15964
1.03947
0.203832
0.635284
0.451801
0.495363
0.337118
1.5709
1.28113
0.5897
0.394832
0.319638
0.306988
0.504436
0.308445
0.490003
0.967366
1.67377
1.15174
0.560144
0.864176
1.16013
0.876467
0.629431
0.827128
1.10416
0.686844
1.35685
0.794424
0.673465
0.553923
0.358802
0.8925
0.811332
0.34256
1.41893
0.845104
0.515755
0.328173
0.536805
0.368739
0.723284
0.824587
0.322926
0.494337
2.04482
0.225416
0.733087
0.562915
0.345957
1.09626
0.644152
0.556462
0.850286
0.554856
0.426344
0.790183
1.35999
0.747942
0.971329
0.782239
0.502891
1.16547
1.60306
0.474817
0.645436
0.566557
0.817651
0.697637
0.640382
0.336003
0.656275
1.36878
0.465813
0.34542
0.31853
0.457294
0.740364
0.368256
0.187998
0.603467
0.704871
0.286283
0.414164
0.220227
0.439775
1.0351
0.711322
0.268202
1.20732
0.755353
0.252614
0.755353
1.4941
0.244047
0.543232
0.741007
0.189815
2.07653
2.87119
1.27299
0.284553
0.191273
0.465833
0.419165
0.571874
0.33692
1.35153
1.10352
0.747632
2.19016
4.32471
1.05041
1.04431
0.358017
0.855875
0.698426
0.832332
1.21402
0.471246
0.995167
0.619839
1.4534
0.142441
1.57619
0.569951
1.16062
0.590834
0.508128
0.651471
0.417068
0.782344
0.742797
0.695612
0.33854
0.204794
0.498262
0.872484
0.391596
1.3197
0.397141
0.269036
0.918786
0.785689
0.385553
0.303077
0.298564
0.703307
0.315383
0.524936
0.630584
0.475747
1.19065
0.629188
1.16618
1.48593
0.384749
0.783048
0.707806
1.36718
0.213175
1.44019
0.387464
1.26883
0.958532
0.700371
0.708843
0.447156
0.256848
0.346616
0.338536
0.221902
1.81104
0.307787
0.264323
0.478702
0.619632
0.360436
0.801186
0.304126
0.578187
0.55414
0.319282
0.435475
0.612987
0.440293
1.09477
1.51443
0.441805
0.403472
0.910346
0.635175
0.568095
0.197792
0.843903
0.419674
0.532642
2.45669
1.87234
0.322389
1.05518
0.401988
1.35354
0.542843
0.299057
1.48713
1.06455
0.907507
0.372074
2.89767
0.38062
0.379428
0.446583
0.782264
1.28666
0.86899
0.432922
0.3963
0.370958
0.980808
0.410033
0.742918
0.46793
0.773606
0.335811
0.514767
0.294063
0.247279
0.217629
0.326836
0.480473
0.578369
0.445545
0.357661
0.387804
0.742313
2.99266
0.802783
0.361255
0.589269
0.60142
0.589269
0.392465
1.14154
0.448939
0.411121
0.493346
0.768833
0.858938
0.796526
0.334262
0.200119
0.880806
1.10946
1.21696
0.310401
0.328818
0.416176
0.562187
0.251696
0.284173
0.288189
0.268615
0.188375
0.362124
1.05368
1.16895
1.27172
0.31846
1.08328
0.412794
0.605652
0.257407
0.975976
0.570248
0.477707
0.80362
1.40421
0.56933
0.791418
0.582824
1.23839
0.74074
0.47042
0.348307
0.635953
0.285689
5.21111
0.357247
0.647544
1.51951
1.81917
0.591057
0.736696
1.52943
0.57963
0.799583
1.26768
0.708894
0.700865
0.633276
0.99078
0.538654
0.394442
0.722565
1.21633
0.329992
0.565661
0.220347
0.577056
0.500455
0.841538
0.344394
0.828216
0.26639
0.328194
0.229143
0.272141
0.220827
0.657058
0.456817
0.80461
1.26162
0.389994
0.527288
0.580254
0.365258
0.762343
1.6061
1.02761
0.790846
0.97771
0.341331
0.286123
0.321066
0.486415
0.489097
0.680793
0.478981
1.76366
0.765196
0.576102
0.447122
0.473764
0.226178
0.476739
0.25203
0.377451
0.386229
0.614944
0.355569
0.363662
0.415521
0.40817
0.370092
1.02242
1.06135
0.419955
0.350456
0.466832
0.686931
0.880452
0.410897
0.41039
0.362381
0.853888
0.298654
0.376728
1.70322
0.857365
0.423423
0.304065
0.981112
0.638553
0.273723
0.854748
1.68922
0.292456
0.304898
0.721193
0.395905
0.363281
0.712159
0.405543
0.221691
1.39112
0.588604
0.472054
1.0354
0.37024
0.73229
0.311714
0.345204
0.435459
0.398994
2.15949
0.686044
0.650256
0.207282
0.32988
0.254409
0.446629
0.361949
0.892458
0.366768
0.507706
0.280109
0.690193
0.216954
0.330643
0.799148
0.580339
0.421542
0.729324
0.463662
2.38995
0.858369
1.23893
2.30592
1.65393
1.00231
0.282077
1.3476
0.294062
0.611802
0.34933
0.409369
2.14931
0.333541
0.969378
0.413289
0.370316
0.349175
0.512389
0.180915
0.990783
1.4936
2.0421
0.544954
0.26284
0.279437
0.240037
1.0231
0.424839
0.359366
0.554612
0.799202
0.739414
0.665415
0.382578
0.199818
0.494497
0.240683
0.230623
0.316476
2.31993
0.466527
0.450294
0.600586
0.85604
0.291101
0.531276
0.572368
0.274369
0.963487
2.29199
0.500799
0.475573
0.32732
0.600971
1.20138
0.491439
0.760542
0.49899
0.811987
0.481039
1.36413
0.166609
0.744532
0.490799
0.733456
0.453825
0.338082
0.434604
0.374751
0.249199
0.144829
0.89909
0.768088
0.257981
0.598466
0.401326
0.54361
0.391907
0.584937
0.497331
0.973328
0.219316
0.339996
0.543462
0.588165
0.886804
0.249678
2.06862
0.89781
1.01415
0.510404
0.337065
0.319876
0.652909
0.421605
0.73781
0.604464
0.364961
0.623812
0.223477
0.403591
0.58318
0.701
0.630647
0.520417
1.32906
1.03258
0.401234
0.326855
0.401234
1.40917
0.468622
0.663756
2.31886
1.13462
0.612951
0.2627
1.45767
0.819772
1.03254
0.504709
0.563309
0.834006
1.00336
0.77449
0.33797
0.322696
0.393404
0.472623
0.44138
0.910774
2.07689
1.55261
0.43119
0.378618
0.74451
0.310435
0.661839
0.437597
0.268612
0.863039
0.214355
0.40303
0.528554
1.75717
0.524142
0.932723
0.524142
0.262122
0.583582
0.501291
1.56657
0.613606
3.24934
0.729581
0.259218
1.53622
0.905698
0.414708
0.27983
1.0029
0.442639
0.695692
0.496567
0.593633
0.307013
0.28694
0.53512
0.9797
1.74856
0.960813
0.47778
0.445403
0.364687
0.429218
0.364687
0.468781
0.314733
0.194217
0.359368
0.90219
0.339219
0.352605
0.262757
0.441681
0.804241
1.20815
1.38355
0.567372
0.374724
0.57055
0.229949
0.343577
0.623727
0.585164
1.72271
0.930087
0.50136
0.421363
0.50136
0.852146
1.87931
0.47515
0.240034
0.44964
0.743601
0.193255
1.34269
0.630491
0.310034
0.87977
7.71297
0.199279
0.93392
0.319559
2.52369
0.361356
0.393015
0.425866
0.82148
0.270521
1.93774
0.373395
0.450802
0.443568
0.728687
0.66494
0.771898
0.993483
1.12052
0.446804
0.796173
0.440646
0.847675
0.523835
0.70895
1.58431
1.66386
1.25046
0.357203
0.597489
0.43196
0.316397
0.512784
0.352082
1.01567
0.475516
1.33526
0.310687
1.28871
0.597707
0.57351
1.01211
1.06595
0.327892
0.338828
0.405613
0.492285
0.556662
0.566964
0.923772
0.84928
0.755674
2.38073
0.387081
0.404775
0.181187
0.489399
0.383512
0.55736
0.790409
0.208462
1.2489
1.28545
0.35879
1.91066
0.472866
0.910915
0.959553
0.976985
0.507496
0.461773
0.948353
0.262575
0.984543
0.430453
0.333902
0.430453
0.802729
0.41722
0.298334
2.43481
0.392933
0.60792
0.460932
0.568498
0.446917
0.650074
2.06353
1.35039
0.387971
1.34524
0.305462
0.307038
0.466562
0.241514
0.47882
0.900258
0.381518
0.891008
0.381518
0.869087
0.825381
0.808821
0.825381
0.604679
1.80542
0.550907
0.490544
0.780197
0.442328
0.414526
0.527422
0.655711
0.258835
0.519457
1.43508
2.15636
0.166567
0.696513
0.545266
1.24358
0.545266
0.444622
0.611583
1.76367
0.650167
0.978522
0.439708
0.245478
0.629175
0.167148
0.362651
0.528075
0.705023
0.702031
0.279025
0.251942
1.08898
0.224792
1.74373
1.27243
0.288229
0.453357
0.241985
0.828535
0.225003
0.56061
0.747354
0.372411
2.63849
1.04389
0.397278
0.485391
1.16
0.690793
1.10816
3.56542
0.784152
0.693679
0.528643
0.34481
0.421578
0.298545
0.294438
0.797752
0.275731
1.73298
0.384621
3.76452
0.914522
1.04924
0.363844
0.274954
0.372825
0.258426
0.706691
0.429483
0.327281
1.02253
0.605325
0.750554
0.587504
0.726897
0.198015
0.317007
1.13642
0.709051
0.355671
0.537036
0.434485
0.218125
1.14782
0.362669
0.275121
1.31304
0.296112
0.254767
0.232246
0.254903
0.443949
1.07832
1.43501
0.479305
0.54421
0.504584
0.493094
2.20215
0.287301
0.156523
0.468678
0.805372
0.656498
0.951984
0.492851
1.70164
0.359902
0.856763
0.499312
3.90574
0.553241
0.545401
1.77674
0.313598
0.208493
0.469354
0.789462
0.321724
0.815735
0.446341
1.07878
0.267941
1.51675
0.177052
0.604055
1.76389
1.11043
1.00963
0.332114
0.515664
0.856094
0.304025
0.18677
0.393559
0.320483
2.14676
0.380577
0.299213
0.656588
0.288198
0.59537
0.272753
1.2875
0.595108
0.780213
0.595108
0.498031
0.645819
0.390712
0.817271
0.434054
0.372461
1.35966
0.251148
0.266338
0.452115
0.633072
0.452115
0.396222
0.507058
0.451886
0.596261
0.546539
0.34034
0.457592
0.252577
0.318535
0.646392
0.467509
0.934569
0.186115
0.8288
1.02213
0.8288
0.133153
0.12819
0.424147
0.412225
0.314316
0.99525
0.172147
0.535656