-0.480473
-0.754345
-0.993243
-0.790572
-0.777414
-1.58192
-1.1396
-0.939362
-0.574293
-0.574293
-0.820084
-0.827592
-1.15214
-0.58957
-0.58957
-0.883089
-1.0543
-1.0543
-1.05832
-0.889808
-0.96788
-0.998496
-0.930862
-0.983406
-1.05846
-1.09298
-0.792437
-0.771869
-0.77636
-0.575716
-0.747385
-1.13218
-0.653782
-0.562508
-0.848979
-0.880114
-0.825083
-0.771952
-1.0301
-1.32158
-0.887679
-1.41189
-0.710999
-1.07035
-0.76805
-0.666925
-0.861467
-0.861467
-0.905222
-0.875978
-0.875978
-1.1735
-0.507543
-0.485773
-1.11832
-1.17185
-0.860039
-1.24344
-0.314185
-0.896711
-0.946113
-0.535534
-0.770027
-0.424544
-0.915641
-0.762811
-1.22419
-0.956428
-1.0113
-0.960942
-0.66716
-1.34633
-1.34633
-0.549417
-1.40459
-0.770243
-1.2461
-1.06827
-0.921308
-0.880228
-0.755935
-0.93241
-1.40526
-1.36124
-0.686043
-0.542018
-1.35265
-1.19947
-1.1508
-0.767896
-0.635192
-0.452865
-0.81165
-0.732967
-1.31853
-0.371671
-0.680148
-0.462707
-0.223672
-0.475779
-1.05478
-0.507761
-0.785661
-0.491191
-0.843782
-0.539332
-0.78468
-1.29616
-0.0865229
-1.24749
-1.33895
-0.642163
-0.254448
-0.849372
-0.613733
-0.462726
-0.326104
-0.299636
-0.440007
-0.839694
-0.828763
-1.4085
-1.10822
-0.844809
-0.622349
-1.04481
-0.882765
-0.731477
-1.09811
-0.371905
-1.04987
-1.11826
-0.726257
-0.993783
-0.940992
-0.699297
-0.896971
-1.18022
-0.40936
-1.16278
-0.690884
-0.493723
-0.843854
-1.08055
-1.01023
-0.775692
-1.12815
-1.29075
-0.529989
-0.750535
-0.418126
-0.606502
-1.18373
-0.792386
-0.817805
-0.733097
-0.769217
-0.412178
-0.803696
-0.605835
-0.69488
-0.614733
-0.641228
-0.700226
-0.530174
-0.866625
-0.582157
-0.964449
-0.930819
-0.948548
-0.152438
-1.29137
-0.856701
-0.933409
-0.924938
-1.1257
-1.02907
-1.09238
-1.0084
-0.669561
-0.40921
-1.07185
-1.22344
-0.814226
-0.806248
-0.494437
-0.667477
-0.893377
-0.71422
-1.23387
-0.559054
-1.29147
-0.646263
-0.765452
-1.43352
-0.811783
-0.834546
-0.596498
-0.920133
-0.533647
-0.415534
-0.686158
-0.988197
-0.988197
-0.779918
-0.823965
-1.02752
-1.20353
-1.3696
-1.36138
-0.53242
-1.31511
-0.989796
-1.05348
-1.26073
-0.889628
-1.26761
-0.78737
-1.01345
-1.0119
-1.03367
-0.475565
-0.512945
-0.969924
-0.903058
-1.56957
-0.958376
-1.22829
-1.0001
-0.995876
-0.793907
-1.09262
-0.957639
-0.814282
-0.993524
-0.588708
-0.701051
-0.752888
-1.07447
-0.888781
-1.2573
-0.930841
-0.930841
-0.588026
-0.559787
-0.783377
-0.630952
-1.36219
-0.891092
-0.755329
-1.07285
-0.812112
-0.517899
-1.02594
-0.760865
-0.896342
0.127345
-0.233158
-0.57856
-1.39902
-0.265767
-0.540045
-0.602557
-1.3394
-0.936838
-1.15933
-1.03771
-1.07872
-0.947451
-0.733683
-0.632703
-0.93947
-0.650914
-0.482487
-0.37165
-0.577297
-0.719883
-0.679782
-0.600865
-0.600865
-0.961643
-0.678946
-0.900253
-0.666925
-0.522212
-0.973993
-1.24928
-0.755868
-0.547479
-0.556804
-0.550572
-0.949463
-0.245229
-1.03221
-0.366695
-0.909089
-0.389831
-0.368601
-0.338872
-0.885641
-1.46058
-0.521458
-0.642375
-0.64749
-1.12289
-0.956049
-0.91833
-1.06823
-0.817579
-0.893255
-0.491667
-0.936522
-0.853676
-0.946182
-0.520485
-0.332735
-0.681399
-0.857735
-1.05507
-1.04999
-0.70429
-0.911173
-1.35676
-0.585006
-0.916297
-0.693978
-0.574615
-0.574615
-0.813188
-0.585191
-0.994725
-1.15535
-1.12499
-0.955167
-0.496203
-0.907558
-1.06707
-1.14296
-0.979737
-1.00622
-0.744639
-0.497646
-1.02616
-0.407601
-1.21589
-0.614234
-0.557402
-1.03813
-1.03932
-0.547408
-0.984763
-0.779002
-0.969527
-0.671339
-1.31501
-0.675367
-1.32108
-0.988974
-0.201491
-0.640231
-1.00179
-0.597105
-0.854645
-0.967283
-0.970165
-0.501176
-1.03947
-1.2498
-1.0037
-0.903404
-0.743182
-0.856369
-0.938601
-0.734853
-0.505892
-0.67927
-0.414127
-0.563075
-0.606791
-1.03199
-1.53202
-1.07332
-0.528233
-0.906544
-1.33943
-0.981145
-0.595889
-0.639532
-1.28722
-1.18283
-0.831215
-1.14491
-0.895956
-0.716647
-1.07317
-0.40488
-0.285337
-0.652737
-0.848724
-0.91428
-1.27013
-1.09882
-1.14181
-1.1835
-1.22234
-1.17234
-0.795207
-0.971139
-0.662555
-1.33536
-1.16679
-0.706393
-0.727084
-0.814296
-0.595097
-0.498265
-0.62061
-1.02829
-0.562341
-1.03731
-0.437954
-0.865479
-1.34853
-0.46845
-0.607049
-1.43409
-0.845065
-0.685801
-1.16067
-1.30557
-0.427097
-0.807891
-1.03011
-0.808944
-1.2442
-1.06645
-0.678781
-1.12793
-0.308944
-0.50649
-1.38293
-1.29508
-1.04051
-0.806958
-0.942358
-1.21734
-0.839671
-0.952482
-0.807411
-0.219261
-0.46136
-0.388832
-1.10079
-0.81654
-1.10888
-0.991073
-0.763916
-0.90772
-1.00081
-0.980818
-1.15861
-1.15861
-0.754947
-0.845134
-1.0334
-1.06432
-0.56147
-1.11674
-0.598616
-0.175509
-0.713884
-0.502247
-0.607484
-0.720909
-1.20601
-0.748211
-1.01626
-0.852065
-0.663292
-0.981365
-1.32875
-1.00674
-0.842313
-1.06345
-1.06365
-1.17741
-0.818444
-0.709065
-1.01633
-0.944039
-1.00147
-0.7551
-0.551129
-0.968024
-0.878545
-0.710142
-0.710142
-1.09192
-0.981863
-1.36402
-1.07676
-1.16516
-1.25244
-1.11662
-0.712155
-0.821851
-0.688896
-0.785443
-0.882931
-0.842362
-0.842362
-0.208942
-1.133
-0.604799
-0.772418
-0.587568
-0.695152
-1.01569
-1.32835
-0.511385
-0.41726
-0.688355
-1.04174
-1.04174
-0.562154
-0.542759
-1.0308
-0.802824
-0.89444
-0.780664
-1.2905
-0.668888
-1.04114
-0.520496
-0.522203
-0.455778
-0.40267
-0.413755
-1.52353
-1.04596
-1.03885
-0.793308
-0.750923
-0.743219
-0.534829
-0.847688
-0.634565
-0.671359
-0.72865
-0.942368
-1.53614
-0.828468
-1.01908
-0.532139
-1.54922
-0.910785
-0.53752
-1.04354
-0.747209
-0.706624
-0.607554
-0.905431
-1.20454
-0.767568
-1.21213
-1.18245
-0.915122
-1.23316
-0.579375
-0.579375
-0.787924
-0.921658
-0.822899
-0.571951
-0.905705
-0.909259
-0.897499
-0.3301
-0.931165
-1.15898
-0.65522
-0.780677
-0.779466
-0.988634
-0.768302
-0.982868
-0.844986
-0.705591
-0.685956
-0.888236
-0.822279
-0.80248
-0.0401991
-0.422561
-0.546563
-0.57744
-0.507669
-0.512721
-0.924607
-1.26491
-1.24962
-1.1563
-1.34511
-0.924506
-0.385065
-0.853073
-0.783585
-0.998062
-0.745681
-0.890567
-0.514515
-1.38669
-0.440577
-0.446282
-0.50303
-1.20181
-1.03766
-1.23992
-1.18808
-0.748534
-1.04969
-0.329719
-0.799462
-1.03517
-0.477535
-0.487901
-1.01424
-0.344232
-0.795573
-0.629677
-1.07144
-0.478875
-0.498793
-0.717651
-0.531592
-0.804026
-1.01457
-1.2468
-0.58133
-0.922832
-0.922832
-0.831984
-0.525468
-0.653538
-0.466503
-0.431085
-1.57404
-1.07776
-0.48206
-0.558308
-0.863508
-0.70284
-0.82037
-0.432551
-1.63721
-0.756629
-0.526906
-0.701524
-0.757228
-0.381097
-0.821747
-0.821747
-0.88868
-0.638023
-0.864486
-1.04048
-0.889453
-1.13036
-0.905392
-0.905392
-1.09878
-0.799164
-0.853994
-1.13783
-0.780268
-0.841238
-1.23382
-1.16816
-0.696111
-0.997849
-0.993396
-0.958284
-0.487591
-0.801291
-1.24439
-0.623728
-1.01626
-0.898536
-1.00324
-1.0051
-0.944665
-0.944665
-1.07229
-0.942773
-0.453547
-1.15273
-1.16272
-0.587387
-1.4109
-0.400517
-1.15452
-0.920159
-0.918186
-0.899164
-0.42234
-0.916547
-0.715683
-0.690407
-0.345075
-0.137554
-0.267222
-0.614472
-0.941533
-0.632196
-0.839356
-0.784395
-0.936405
-1.26406
-0.54548
-0.718605
-1.24602
-1.24602
-1.32758
-0.626949
-1.11658
-0.65475
-0.937073
-1.11929
-0.667407
0.0752555
-0.315142
-0.409827
-0.330583
-0.815398
-0.838485
-1.15253
-1.52253
-0.757418
-0.529268
-0.82567
-0.647271
-0.777835
-0.69844
-1.07267
-0.975213
-1.06268
-0.788878
-0.79543
-0.246594
-0.557455
-0.478007
-0.984647
-0.507969
-0.549827
-0.859273
-1.2252
-0.981714
-1.46447
-0.870484
-1.19662
-1.19662
-1.19299
-0.927866
-1.20271
-0.517663
-0.734649
-0.886666
-0.767774
-1.14574
-1.26841
-0.964649
-0.532578
-0.648449
-0.75073
-1.32627
-0.837704
-1.15111
-1.06824
-0.572179
-0.167758
-0.647299
-1.03149
-0.999281
-0.350502
-0.975498
-0.649013
-0.427606
-1.2508
-1.11093
-0.789128
-0.714051
-0.583094
-0.996306
-0.549862
-0.406359
-0.317663
-0.876981
-0.917615
-0.395264
-1.03344
-1.13002
-0.957867
-0.651187
-1.2731
-0.886708
-1.38887
-1.25428
-1.67865
-1.31693
-0.507498
-0.974059
-1.08787
-0.940601
-1.09422
-0.436906
-0.67941
-0.708095
-0.97264
-0.848338
-0.566127
-0.749715
-0.746492
-1.07703
0.0131823
-0.450626
-0.973889
-0.69447
-0.928976
-0.961855
-1.06789
-0.889552
-0.723562
-0.84861
-0.326046
-0.874914
-0.650153
-1.09208
-0.681419
-0.820642
-0.968492
-1.51856
-0.673994
-0.881573
-0.714042
-1.01753
-0.386968
-0.496014
-0.995949
-0.302877
-1.08066
-1.16584
-0.572226
-0.810372
-0.670373
-0.612361
-0.533632
-1.1787
-0.645295
-0.546438
-0.587197
-0.678677
-0.926268
-0.263785
-0.824193
-0.972313
-1.04848
-1.16802
-0.9314
-1.0948
-0.792044
-0.980081
-0.635384
-0.978816
-0.745704
-1.09212
-0.593411
-0.877286
-1.23443
-0.963794
-0.477409
-0.33732
-0.876568
-0.379172
-0.951678
-0.653409
-0.97676
-0.97676
-0.521986
-0.807828
-0.769994
-0.661547
-1.03687
-0.872756
-0.870262
-0.53451
-0.659766
-1.11585
-0.780103
-0.251001
-0.251001
-1.02252
-0.73027
-0.735203
-0.774016
-0.630716
-1.0148
-0.887003
-0.45131
-0.541098
-1.06178
-0.931404
-0.950432
-0.184037
-1.56611
-0.847047
-0.976113
-1.30728
-0.614511
-0.849968
-0.930839
-0.930839
-0.703689
-1.05769
-0.613401
-0.734985
-0.750339
-0.826543
-0.803892
-0.845243
-0.779768
-1.37226
-0.558898
0.069114
-0.761344
-0.39083
-1.03157
-1.36304
-0.809857
-0.896666
-1.0143
-0.789811
-0.676651
-0.446282
-0.754355
-0.980171
-0.901047
-0.573032
-0.60372
-1.24945
-0.677364
-0.758229
-1.20847
-0.892466
-1.01664
-1.20897
-0.763493
-0.939284
-1.01829
-0.781683
-0.483163
-0.58333
-1.23139
-0.251718
-1.079
-0.86526
-0.780024
-1.01281
-0.887316
-1.15234
-0.896964
-1.26435
-0.864221
-1.13653
-0.655745
-0.75389
-0.564621
-0.803434
-0.640434
-0.824719
-0.511433
-0.920266
-1.00809
-0.701146
-1.00087
-1.2439
-0.823331
-1.08253
-1.0225
-0.899081
-0.594467
-1.36483
-0.758886
-0.719461
-0.930908
-0.944597
-0.521424
-0.872201
-1.37582
-0.685998
-0.579401
-0.787241
-0.6182
-1.00541
-0.789394
-1.03281
-1.07465
-0.746108
-0.974046
-1.36084
-0.569519
-0.972675
-1.10186
-0.869048
-0.777506
-1.00803
-1.04694
-0.819351
-0.648167
-0.529426
-0.333546
-0.77164
-0.596038
-1.34663
-0.74376
-0.40834
-0.577266
-1.18466
-0.634341
-0.818233
-1.06702
-0.970454
-0.917441
-0.695082
-0.695082
-0.634873
-0.900986
-1.15607
-1.0828
-0.762089
-0.7556
-0.457421
-0.71741
-0.877735
-0.945647
-0.800621
-0.715989
-0.491997
-0.812167
-0.528853
-1.15023
-0.779737
-0.946805
-1.52208
-0.939107
-0.432696
0.00455363
-0.741881
-0.679681
-1.18388
-0.815035
-0.815035
-1.12181
-0.80993
-1.25298
-1.21688
-0.86657
-1.32944
-0.553209
-1.05606
-0.893177
-0.729637
-0.863851
-0.829171
-0.949259
-0.992127
-1.26186
-0.791367
-0.629616
-0.746881
-0.567187
-0.908368
-0.973371
-0.971444
-1.01485
-1.06104
-1.09097
-0.80831
-0.847947
-0.575913
-0.66495
-1.02172
-1.21761
-1.15666
-1.47031
-1.00941
-0.758984
-1.0134
-0.449505
-0.66106
-0.586294
-0.742677
-0.675713
-1.49777
-0.868357
-0.867385
-0.797021
-1.19376
-1.06081
-1.0509
-0.989342
-0.965909
-0.757306
-0.39304
-0.889386
-0.759331
-1.44508
-1.29404
-1.5214
-0.941531
-0.688676
-0.609289
-0.812802
-0.915356
-0.59176
-0.799746
-0.744334
-0.812549
-0.855842
-1.37589
-0.593756
-0.699532
-0.428462
-0.369782
-0.910347
-0.911121
-0.806134
-0.864072
-0.867339
-1.04066
-0.628521
-0.634865
-0.638022
-0.561284
-0.837975
-0.398592
-1.18224
-0.206704
-1.17143
-0.899964
-0.900395
-0.833978
-0.645573
-0.561123
-0.368352
-0.532007
-1.02257
-0.602959
-0.873284
-0.888102
-1.22074
-0.599864
-0.971722
-1.07947
-0.869434
-0.877353
-0.369191
-0.853477
-1.04907
-0.758524
-0.716949
-0.945623
-1.0844
-0.602832
-1.12489
-0.75505
-0.895886
-0.821061
-0.821061
-0.992673
-0.746329
-1.09534
-0.894375
-1.00582
-1.0962
-0.934719
-1.0258
-0.275627
-1.17017
-1.02383
-1.02383
-0.578686
-0.719838
-0.724504
-0.885561
-1.06768
-0.698286
-0.959497
-0.847527
-0.803857
-0.298544
-1.02584
-1.18041
-0.951868
-1.01039
-1.01039
-0.972918
-0.242075
-0.558524
-1.05386
-0.750372
-0.368888
-1.17045
-0.799047
-0.513673
-1.08013
-0.246782
-1.29509
-1.12858
-1.30336
-1.09301
-0.965963
-1.1351
-0.987261
-0.304389
-0.876389
-0.87573
-1.57671
-1.07068
-0.717021
-0.746214
-1.24281
-0.353008
-0.735222
-1.11363
-0.64059
-0.934123
-0.934123
-0.934123
-0.841983
-1.66584
-0.578869
-0.937551
-0.442869
-0.364012
-1.289
-1.35156
-0.474742
-1.3948
-0.877306
-0.86239
-0.777724
-1.5038
-0.787063
-0.608625
-0.584997
-0.908601
-0.638405
-1.06668
-0.743535
-1.05678
-0.454707
-1.01596
-1.08727
-0.809065
-0.685311
-0.926622
-1.1148
-0.868798
-0.843277
-1.40195
-0.243327
-0.943083
-0.565293
-1.08524
-0.49654
-0.765232
-0.951975
-0.907023
-0.99871
-0.974282
-0.980342
-0.587925
-0.734872
-1.00055
-0.366744
-0.890843
-1.01488
-1.0234
-0.880378
-0.898985
-0.970727
-1.199
-0.842292
-0.454271
-0.71471
-0.560025
-1.06887
-1.02558
-1.04812
-0.60332
-0.52906
-1.21616
-0.754654
-0.654461
-0.647016
-1.02076
-1.06159
-0.982696
-0.666569
-0.846725
-1.01105
-0.712551
-0.698749
-0.972454
-0.514069
-0.812831
-1.30714
-0.487643
-0.791113
-1.18047
-0.521696
-0.91778
-0.767856
-1.10414
-0.702519
-0.811677
-0.656323
-0.65777
-0.713479
-1.01358
-0.704141
-0.873882
-0.464156
-1.30242
-1.34563
-0.839207
-1.16202
-0.649337
-1.3191
-0.895
-1.28232
-1.07893
-0.893099
-0.802904
-1.20888
-0.666233
-1.41482
-0.810401
-0.608579
-0.758518
-0.807437
-0.317276
-1.19613
-0.795318
-0.889568
-1.08861
-0.551852
-0.916734
-0.853904
-1.01768
-1.31832
-1.53047
-0.632754
-0.917695
-0.577368
-0.612931
-1.05909
-0.734394
-0.789495
-0.869607
-0.740965
-1.07045
-0.888874
-1.06895
-1.03364
-1.14058
-0.637897
-0.970107
-0.662391
-0.577309
-0.667193
-0.747555
-0.901101
-0.595503
-1.08754
-0.664107
-0.676825
-1.3426
-0.530761
-0.759463
-0.759463
-1.22718
-0.96104
-0.83436
-0.647586
-1.08228
-1.09005
-0.537796
-0.970633
-0.783906
-0.895693
-0.663409
-0.905334
-1.13814
-0.632146
-0.509742
-1.07126
-0.58579
-0.626652
-1.11942
-1.09466
-0.602677
-1.19871
-0.401322
-0.912417
-0.960671
-1.41023
-0.447509
-0.903257
-1.00373
-0.968501
-0.483173
-0.734423
-0.7646
-0.527292
-0.620302
-1.31471
-1.35229
-0.904793
-0.660187
-0.337988
-0.527516
-1.09076
-0.816365
-0.969937
-0.638345
-0.878392
-0.993387
-0.853079
-0.915384
-1.10737
-0.594013
-1.27572
-0.798612
-0.611523
-1.20776
-1.08109
-1.04325
-0.895984
-0.545842
-0.854977
-0.848046
-0.992814
-0.85839
-1.16748
-0.929238
-0.359716
-0.990816
-1.60311
-0.799222
-0.441501
-0.789409
-0.789409
-0.775619
-0.747413
-1.17157
-0.733967
-0.951898
-0.813897
-1.04051
-1.04051
-0.724466
-0.90614
-0.881563
-0.917601
-0.880113
-1.03491
-0.550556
-0.571984
-0.727959
-0.726504
-0.587183
-0.728317
-0.407332
-0.394822
-0.79232
-0.987562
-0.922987
-0.886185
-0.329971
-0.52043
-0.925562
-0.952327
-0.587222
-1.02608
-0.814779
-1.31832
-0.76716
-0.854459
-0.844127
-0.884841
-0.923392
-0.941498
-0.890448
-0.999825
-0.510491
-0.510491
-1.38121
-0.988616
-0.50714
-0.513613
-0.88778
-1.0214
-0.703106
-1.32918
-1.01001
-0.770909
-0.98448
-1.21672
-0.547463
-0.782005
-0.954797
-0.619298
-0.568441
-1.09301
-1.03101
-0.767435
-0.556852
-0.49186
-0.714157
-0.808406
-0.864492
-0.780071
-1.24633
-1.05123
-1.13694
-1.0778
-1.01055
-1.00523
-0.722115
-1.28929
-0.824902
-0.517484
-0.831224
-0.37822
-0.819163
-1.23549
-0.62975
-0.525858
-0.828273
-1.49681
-1.01948
-1.28955
-0.861546
-1.29956
-1.18561
-1.1202
-1.14408
-0.674702
-0.535809
-0.593621
-0.661582
-0.63313
-1.3685
-0.813949
-0.636816
-1.48939
-0.384505
-0.495714
-0.96096
-1.00945
0.0340424
-0.935592
-0.819587
-0.750903
-0.713507
-0.771369
-0.906236
-0.504076
-0.513491
-0.806733
-0.806324
-0.817243
-0.950298
-0.703217
-0.90774
-0.992133
-1.53931
-1.22446
-1.07619
-0.913323
-0.694959
-1.12024
-0.611132
-0.730948
-1.04687
-1.28347
-0.552341
-0.70227
-1.04913
-0.820548
-0.731791
-0.79699
-1.72516
-0.720575
-0.60635
-1.24915
-0.681865
-1.15167
-0.589182
-0.576167
-0.859438
-0.834545
-0.472808
-0.736568
-0.911766
-0.824109
-0.628531
-1.23221
-1.10895
-0.457076
-0.597543
-0.937716
-1.33463
-0.864119
-0.670747
-1.14766
-1.01906
-0.764847
-0.701131
-1.34738
-1.16432
-0.762996
-0.0923048
-0.866487
-1.07395
-1.09467
-0.580048
-0.634401
-0.681086
-0.886597
-1.13384
-0.733463
-0.440865
-1.13322
-1.02399
-1.12341
-1.01622
-0.600654
-0.904995
-1.13124
-0.667715
-0.675024
-0.924753
-0.853817
-0.931366
-1.04768
-1.03607
-0.649686
-1.11684
-0.474892
-0.124699
-0.82908
-0.752779
-0.312354
-1.19857
-0.796374
-1.19893
-0.96669
-0.329604
-0.351838
-0.975208
-1.18176
-1.18179
-0.555898
-1.08455
-1.01463
-1.22052
-0.650203
-1.26654
-0.292587
-1.09909
-0.931585
-1.11171
-1.18955
-0.467623
-0.663265
-0.76141
-1.00646
-1.00621
-0.543531
-1.12711
-0.598906
-0.731078
-0.542781
-0.644253
-0.73552
-0.408137
-0.832547
-0.737593
-1.35682
-0.616671
-0.818271
-0.587366
-1.50107
-0.908501
-0.860276
-0.573779
-1.03347
-0.917456
-1.14188
-0.797354
-0.67918
-0.882636
-0.85331
-1.29361
-1.16171
-0.468134
-0.661475
-1.09121
-0.772497
-1.29582
-0.755994
-0.929741
-0.833012
-1.07651
-0.890344
-0.700141
-0.910521
-0.72246
-0.78447
-0.43994
-0.920523
-0.71906
-1.16002
-0.61754
-0.806432
-1.0497
-0.650328
-1.06949
-0.659421
-0.785336
-1.06057
-0.751348
-0.0619819
-0.471016
-0.403629
-0.891805
-0.726477
-0.933226
-0.642068
-0.929164
-0.685189
-1.0882
-0.721568
-0.642858
-0.534695
-0.640109
-0.530571
-0.946048
-0.576002
-1.13444
-0.71004
-0.989013
-0.846616
-1.10033
-1.14003
-1.29052
-0.877621
-0.488738
-0.589955
-1.10925
-0.894714
-1.20594
-0.729347
-1.04686
-0.739121
-0.753768
-0.984871
-1.19305
-0.60914
-0.557829
-0.404223
-0.069129
-0.534412
-0.662139
-0.975852
-0.90229
-0.585398
-0.80911
-0.912183
-1.04732
-1.4492
-0.818712
-0.937165
-0.717413
-1.04779
-1.31182
-0.445522
-0.34917
-1.04122
-0.813641
-0.824177
-1.13027
-0.924509
-0.666212
-0.882848
-0.645239
-1.07593
-0.952509
-0.726609
-0.855607
-1.08968
-1.02358
-0.902787
-1.05631
-0.0546989
-1.14383
-0.426069
-1.41382
-1.36018
-0.886561
-0.818414
-0.67109
-0.612808
-1.10726
-0.796493
-0.240417
-0.550635
-0.683641
-0.650216
-0.859948
-0.517044
-1.11018
-1.11831
-0.732828
-1.0055
-0.535871
-1.21845
-0.723814
-0.548519
-0.917257
-0.811288
-1.61225
-0.867431
-0.64602
-0.71152
-0.953597
-0.654606
-0.549113
-0.996823
-1.07295
-0.840753
-0.635156
-0.869127
-0.521107
-0.826948
-0.732023
-0.732023
-0.706199
-1.11631
-0.349223
-0.935372
-1.41196
-0.586058
-0.544686
-0.488485
-1.05237
-0.935327
-0.605241
-0.62175
-1.02437
-1.13947
-0.266905
-0.854906
-0.868514
-0.769229
-0.777667
-0.791175
-0.772362
-0.246064
-1.39815
-1.48071
-1.09236
-0.326478
-0.71664
-0.504624
-0.63431
-0.80148
-0.970989
-0.694663
-0.986674
-1.29341
-1.16957
-1.01159
-0.862402
-0.87486
-0.84916
-0.830388
-0.676942
-1.23752
-0.987414
-0.58153
-0.810892
-0.945567
-0.762856
-0.920276
-0.743242
-1.0371
-1.21242
-0.98801
-0.98801
-0.912912
-0.680518
-0.729947
-0.882184
-0.766588
-1.1346
-0.686096
-0.817255
-1.33133
-0.778584
-0.796568
-1.33041
-1.11455
-1.16179
-0.964705
-0.842534
-0.937468
-0.777509
-0.797104
-0.709058
-0.630398
-0.767593
-0.846258
-1.06467
-0.860214
-0.760271
-0.937849
-0.717955
-0.601494
-0.797911
-1.81619
-0.843949
-0.733932
-1.36273
-0.525586
-0.533858
-0.318242
-1.02714
-1.10399
-0.444192
-0.571954
-0.986362
-0.48277
-0.495495
-0.671808
-0.9861
-0.9861
-1.2127
-0.180341
-0.569764
-1.24765
-1.51446
-0.641553
-0.989259
-0.826042
-1.13343
-0.94476
-1.00385
-0.650508
-1.19669
-1.10523
-0.779831
-1.04833
-0.707339
-1.14527
-0.730421
-0.730421
-0.730421
-0.757993
-0.59559
-1.12638
-1.14829
-0.480516
-0.327668
-1.30669
-0.558304
-0.950107
-0.651602
-1.40636
-1.04121
-1.10463
-1.39171
-0.995449
-0.982371
-1.11765
-0.585726
-1.66785
-0.949749
-0.929648
-0.593706
-0.84139
-0.84139
-0.433565
-0.794846
-0.674541
-0.67972
-1.3019
-0.925446
-0.290691
-0.422335
-0.784593
-0.996127
-0.842783
-1.08506
-1.2041
-0.772243
-0.720201
-1.03375
-0.833654
-0.931951
-0.97052
-1.18943
-0.703193
-1.24965
-0.87863
-0.541585
-0.82388
-0.3364
-1.01432
-1.15365
-0.707207
0.0188054
-0.976462
-1.55961
-1.03344
-0.342141
-0.64872
-0.622149
-0.940903
-0.865422
-0.121227
-0.621352
-0.930176
-0.870721
-1.30733
-1.25104
-0.858974
-0.850992
-0.869824
-0.791969
-1.24201
-0.823549
-1.13302
-1.10325
-0.792929
-0.854062
-0.383146
-0.410689
-0.389555
-0.96297
-0.680726
-1.23444
-0.848358
-0.987593
-0.712536
-0.506751
-1.12654
-1.08724
-0.53249
-0.900061
-0.645818
-0.699027
-0.783073
-1.06154
-1.20408
-0.721293
-0.759324
-0.789211
-1.09271
-1.19422
-0.817912
-0.619944
-0.57146
-0.726768
-1.22297
-0.866592
-1.06238
-1.08429
-0.883818
-1.06497
-0.766077
-1.11829
-0.777524
-0.761509
-1.34352
-1.23541
-0.746853
-0.993092
-0.577887
-0.763148
-0.732528
-1.05953
-0.483124
-0.344407
-0.635267
-0.635267
-0.968808
-0.826256
-0.495636
-0.448219
-0.519433
-0.652882
-0.685865
-1.22343
-0.504306
-1.18541
-0.7006
-0.747842
-1.22512
-0.875899
-0.87319
-0.90248
-0.930189
-0.846749
-0.755278
-1.22831
-0.885792
-1.11321
-1.19936
-0.588886
-1.01222
-1.01003
-0.774998
-0.805318
-0.901978
-0.852915
-0.611472
-1.21068
-1.22713
-1.2747
-0.964072
-1.37603
-1.17786
-0.642065
-1.10869
-0.650718
-1.14282
-0.235003
-0.849067
-0.839226
-0.360749
-0.464395
-0.324208
-0.821743
-0.907443
-1.18453
-0.674123
-0.507833
-0.925669
-1.10528
-0.781828
-1.26413
-0.643374
-1.12944
-1.13841
-1.47353
-0.805585
-0.781773
-0.841947
-0.430654
-0.903586
-1.02097
-0.648632
-0.67718
-1.26341
-0.618832
-0.786067
-0.759583
-0.767567
-1.11258
-0.806297
-0.904512
-0.322395
-1.19323
-0.702103
-1.31252
-1.18096
-1.13492
-1.07792
-0.288338
-0.35989
-0.970597
-0.947609
-1.00421
-1.10571
-0.594858
-0.841934
-1.03838
-0.853213
-1.26286
-0.79654
-1.02432
-1.02432
-1.19918
-0.903561
-0.903561
-1.14821
-1.05023
-0.614125
-0.787838
-0.586246
-0.586246
-0.502584
-0.77225
-1.20932
-0.956418
-0.532284
-0.97067
-0.712594
-1.15131
-0.992763
-0.652712
-1.16577
-0.497392
-0.874261
-0.798155
-0.798155
-0.710447
-0.747932
-1.36387
-0.813928
-1.04448
-0.859618
-0.662956
-0.609397
-1.64179
-1.00806
-0.846183
-0.53934
-0.620256
-1.14294
-0.917976
-1.224
-0.642481
-0.642481
-0.642929
-1.38214
-0.646314
-0.898902
-0.65227
-1.11823
-1.11823
-0.990389
-0.873581
-0.596726
-0.811689
-0.630235
-0.711315
-0.716669
-0.721332
-0.871603
-0.907566
-0.912482
-1.27034
-1.07929
-1.07929
-0.69155
-0.876513
-0.549055
-0.744939
-1.08721
-0.239712
-0.88177
-1.10966
-0.708747
-1.01463
-1.30648
-0.718172
-1.00476
-0.655116
-0.689079
-0.80669
-0.654298
-0.874692
-1.19319
-0.817936
-0.995844
-1.20466
-0.443393
-0.787429
-1.12801
-1.16099
-1.58268
-0.51924
-0.397381
-0.794336
-0.695237
-0.415936
-0.640147
-0.969615
-1.07669
-1.15158
-1.07533
-0.817762
-0.576359
-0.337097
-1.68074
-0.112569
-0.733064
-1.24276
-0.897686
-0.77789
-0.654789
-0.435281
-1.00338
-0.811482
-0.603232
-0.514435
-1.29125
-1.24641
-1.18079
-0.932141
-1.12439
-1.0056
-0.530861
-1.12806
-0.809265
-1.12808
-0.30402
-0.831228
-0.726061
-1.05293
-1.38084
-1.36624
-1.16946
-1.32952
-0.829076
-0.783627
-0.667599
-0.731946
-1.10808
-1.01128
-0.493525
-0.360857
-0.80307
-0.794148
-0.648253
-0.877863
-0.962197
-0.962197
-0.963173
-1.28023
-0.758921
-1.01417
-1.33844
-0.971023
-0.805948
-0.769599
-1.11494
-1.02524
-1.07112
-0.686813
-0.783484
-0.765585
-0.769675
-0.964464
-0.808269
-1.04014
-0.93138
-0.687284
-0.588732
-0.599008
-1.45198
-1.0889
-0.692432
-0.830174
-0.819705
-1.07805
-1.07805
-0.932851
-1.0074
-0.934382
-0.705767
-1.01129
-0.928458
-1.26097
-0.934946
-0.966448
-1.34292
-0.404398
-0.584943
-0.330989
-1.50969
-0.752082
-0.904798
-0.500817
-1.13603
-1.0218
-0.953539
-1.22008
-1.26988
-0.617349
-1.17907
-1.3942
-0.239088
-0.842331
-0.0416221
-0.556567
-1.01251
-1.04289
-0.531747
-1.14869
-1.18209
-1.02969
-0.658205
-1.28539
-0.613253
-0.797529
-1.0575
-0.969293
-0.965287
-0.95291
-1.04071
-1.09421
-0.713362
-0.971113
-0.791333
-0.483385
-0.677166
-1.13086
-0.188416
-0.729266
-0.987925
-0.656673
-1.50052
-0.849342
-1.07203
-0.92789
-1.1461
-0.752738
-0.0349807
-1.13596
-0.958852
-0.817182
-0.977248
-1.40772
-0.534891
-0.486605
-0.252408
-1.16951
-0.71337
-0.579856
-0.71754
-0.568832
-0.721997
-1.11778
-0.433733
-1.43647
-0.874301
-0.364118
-0.84928
-0.925427
-0.593713
-0.643476
-0.58552
-0.948891
-0.928558
-1.27637
-0.776794
-1.13567
-1.18466
-0.273267
-0.615845
-0.404
-1.11972
-1.1386
-0.913666
-0.494175
-1.0813
-0.57354
-0.633408
-0.807994
-0.605209
-1.14659
-0.827284
-1.30029
-1.08426
-0.998724
-0.83878
-1.18339
-0.80971
-0.400923
-0.400923
-1.31665
-0.813028
-0.451493
-0.979438
-0.83493
-0.876761
-0.349515
-1.0868
-0.905387
-1.11106
-0.47137
-0.705117
-1.02316
-1.08995
-0.990895
-0.932977
-0.79646
-1.03968
-0.269507
-0.897264
-0.906493
-1.09074
-1.06584
-0.967845
-0.725087
-0.559366
-1.31142
-0.916486
-0.943194
-0.645406
-0.493196
-1.27351
-1.05553
-0.710744
-0.689315
-0.689315
-1.06232
-0.328642
-0.608461
-1.16986
-0.839054
-1.52272
-1.0419
-0.996071
-1.11585
-0.845995
-0.845995
-0.945441
-1.01739
-1.24005
-1.27192
-1.0475
-0.600578
-0.729866
-0.359336
-0.79492
-1.09778
-0.650419
-0.992952
-0.758681
-1.0828
-1.04956
-1.09593
-0.696344
-0.162948
-1.11402
-0.584884
-0.674679
-1.08502
-0.318833
-0.169602
-1.48031
-0.573963
-1.30411
-1.20619
-0.886732
-0.662614
-0.609096
-0.719377
-0.58403
-0.514346
-0.879448
-0.777522
-0.946692
-1.10538
-1.24802
-0.979493
-1.34895
-1.01026
-0.85614
-0.785794
-1.11831
-0.990468
-0.504984
-0.474126
-1.17405
-1.24532
-0.559832
-0.848893
-0.516252
-0.578467
-1.05345
-0.855604
-0.603455
-0.768736
-0.88385
-0.860784
-0.662559
-0.8762
-0.503726
-0.922259
-1.08863
-1.029
-0.717622
-1.07978
-0.560065
-0.852774
-0.686127
-0.67651
-0.825801
-0.40954
-0.0519404
-0.526638
-0.956926
-1.15151
-0.757368
-1.26286
-0.731866
-1.25164
-0.951028
-0.310375
-0.326323
-1.16357
-0.831535
-0.415655
-0.581225
-0.857889
-0.500043
-0.988573
-0.916791
-1.31164
-0.788759
-0.322435
-1.51246
-1.28708
-1.16466
-0.144512
-0.404051
-0.56591
-0.840682
-0.930015
-0.394723
-0.702074
-0.790945
-1.11082
-0.586775
-0.824968
-1.49276
-0.588968
-1.08931
-0.295069
-1.01865
-0.795958
-0.752541
-0.846971
-0.732621
-0.834349
-0.51823
-0.954611
-0.43666
-0.371803
-0.564783
-0.854716
-1.16396
-1.60585
-0.958787
-1.07509
-1.2351
-0.570438
-0.774579
-1.53936
-1.04102
-0.892656
-1.40442
-0.865893
-1.188
-1.4838
-0.694465
-0.78467
-0.721896
-0.91257
-0.971779
-1.15755
-1.01185
-0.568578
-0.438842
-0.948612
-0.516316
-0.239691
-0.639773
-0.879148
-0.559038
-0.949332
-0.592402
-0.899825
-0.780428
-0.747139
-1.4503
-0.953307
-1.20382
-0.886035
-0.954089
-0.847583
-1.02878
-0.88105
-0.609514
-0.959815
-0.786994
-1.02354
-0.76582
-0.977415
-0.714467
-1.05354
-1.06404
-1.41866
-1.31472
-0.74628
-1.26362
-1.33699
-0.941944
-0.858277
-1.1508
-0.902189
-0.525887
-0.447984
-0.461167
-0.173046
-0.82599
-0.951964
-0.78793
-0.514638
-0.670328
-1.4672
-0.805072
-1.08625
-0.92216
-0.966304
-1.27465
-0.291409
-0.816471
-0.610263
-0.782079
-0.714337
-1.01414
-0.93421
-0.791094
-0.529573
-0.640897
-0.996803
-1.599
-1.07093
-1.04581
-0.851514
-0.542988
-1.08934
-0.563185
-0.956144
-0.490477
-0.874025
-1.11962
-1.11962
-1.15375
-0.449399
-0.695615
-1.34499
-0.533649
-0.544467
-0.505267
-0.402078
-0.611778
-0.807336
-0.711216
-1.20503
-0.5155
-1.04712
-0.783044
-1.19498
-1.02157
-1.05454
-0.625038
-0.388149
-0.997253
-1.0818
-1.21682
-0.63797
-0.926208
-0.265583
-0.542202
-1.34849
-0.872074
-0.76428
-0.786698
-1.20688
-1.08305
-0.52069
-1.07316
-0.354581
-0.27137
-0.926559
-0.967209
-0.924951
-0.507343
-0.833693
-0.385108
-0.480031
-1.01104
-1.18731
-0.596529
-0.54115
-1.21422
-0.834899
-0.88317
-1.08714
-1.19358
-1.02793
-0.306491
-0.651755
-1.24328
-1.20099
-0.744476
-0.996175
-1.01373
-0.658944
-0.99607
-0.916575
-1.11324
-0.695822
-0.228153
-1.14498
-0.819827
-1.24191
-1.10604
-0.98411
-0.712272
-0.694869
-1.34279
-0.926725
-0.945823
-0.731677
-0.33461
-1.062
-1.15414
-0.844032
-1.25161
-1.10855
-0.530258
-0.527671
-1.00954
-0.666527
-0.984603
-0.401955
-1.03312
-0.58965
-0.972284
-0.594138
-1.18099
-1.11482
-1.30933
-0.972264
-0.922397
-0.624705
-0.668281
-0.622422
-0.732969
-0.876521
-0.650683
-1.20145
-0.588135
-0.28672
-0.58579
-1.74226
-1.38711
-0.723452
-0.119237
-0.0771693
-1.12006
-0.621471
-0.949799
-0.748233
-0.799119
-0.958976
-0.89052
-0.294944
-1.08192
-0.376907
-0.710162
-1.21138
-1.33006
-0.517628
-0.885131
-0.836439
-0.976553
-1.06978
-1.2384
-0.546706
-1.04849
-0.883621
-0.618035
-0.808746
-0.563057
-0.602796
-1.25402
-0.929364
-0.913819
-0.786629
-0.497613
-0.924902
-1.18359
-0.415619
-0.651737
-1.03484
-0.693821
-0.844169
-1.10796
-0.353746
-0.465187
-0.465187
-0.836433
-0.964732
-1.06484
-0.792985
-0.371087
-1.41245
-0.928493
-0.928493
-0.763642
-0.486895
-0.358178
-0.953226
-0.573786
-1.38629
-0.653337
-0.960119
-1.22018
-0.824989
-0.933449
-0.966869
-1.09843
-0.681762
-1.85601
-1.22248
-0.860933
-1.14427
-1.11974
-0.896108
-1.11716
-1.11716
-0.856369
-0.726894
-0.560037
-0.506315
-0.503658
-0.855251
-0.855844
-0.720513
-1.03385
-0.63584
-1.28876
-0.471571
-0.279554
-0.15718
-1.04783
-1.08695
-0.987566
-0.997092
-0.508397
-1.10169
-0.898201
-1.05447
-1.38267
-0.684624
-0.579986
-1.32495
-0.940689
-1.29053
-1.42655
-1.3395
-1.23761
-0.841372
-0.793963
-1.01152
-0.685408
-0.592725
-0.879211
-0.495824
-0.999741
-1.13769
-0.644473
-0.625263
-0.930426
-1.27226
-0.523207
-1.09266
-1.00456
-0.797752
-0.512585
-0.712495
-0.712588
-1.29982
-1.06812
-1.06812
-0.93694
-1.30263
-1.00447
-0.841659
-0.585434
-0.830874
-1.39227
-0.941625
-0.831065
-0.984429
-0.490346
-0.852196
-1.23321
-1.17584
-0.561308
-1.31618
-0.98676
-0.34236
-1.11385
-0.536
-0.616638
-0.326896
-0.257681
-0.847626
-1.1912
-0.729014
-0.905083
-0.838536
-0.993083
-0.935887
-0.750565
-0.750565
-0.830524
-1.1545
-0.635822
-0.86084
-0.762784
-0.632026
-0.716844
-0.691155
-0.882469
-0.254082
-0.62074
-0.860551
-0.71652
-0.87749
-1.51572
-0.808451
-0.687233
-0.727584
-0.463866
-0.635896
-0.724266
-0.943538
-0.910501
-0.619347
-1.02311
-0.920289
-0.840649
-1.07458
-0.841971
-0.841971
-0.887906
-1.15275
-1.07487
-0.811924
-0.958435
-0.771158
-0.540036
-0.547941
-0.855389
-0.777835
-0.777835
-0.914895
-0.501556
-1.46896
-1.1163
-0.500937
-0.912496
-0.396146
-1.35784
-1.07191
-1.02503
-0.828621
-0.632676
-0.634913
-0.597432
-0.500152
-0.888852
-1.21873
-0.71582
-0.812112
-0.45872
-0.749117
-0.976542
-1.00637
-1.0744
-0.971318
-0.574898
-0.767922
-1.05263
-0.876338
-0.857317
-0.820044
-0.770996
-1.0509
-0.827726
-1.36408
-0.539659
-0.752967
-0.726195
-1.02532
-1.51228
-0.507949
-0.721143
-0.443882
-0.998503
-0.928061
-0.887121
-0.759866
-0.881843
-0.602944
-0.728319
-0.952123
-0.839662
-0.939075
-0.466384
-0.929754
-1.15849
-0.944201
-0.689808
-0.689808
-0.916422
-0.650041
-1.08168
-0.604192
-0.642932
-1.08622
-0.678557
-0.768208
-0.906378
-0.952118
-0.863544
-1.44451
-0.818013
-0.707446
-0.381309
-0.386642
-0.622872
-0.735364
-0.569119
-1.07025
-0.693113
-0.264889
-0.993527
-0.654213
-1.13414
-0.773894
-0.881541
-1.14253
-1.05902
-0.961388
-1.32016
-0.907085
-0.824635
-1.07626
-1.24431
-0.761489
-0.633321
-0.370879
-0.83272
-0.956575
-0.589544
-0.475311
-0.380661
-0.653085
-0.280514
-0.805865
-0.645806
-0.806284
-0.519851
-0.824797
-0.658346
-0.985138
-1.17745
-0.778396
-0.778396
-0.484265
-0.498239
-1.01783
-0.313906
-0.954301
-1.19177
-0.660481
-0.956685
-1.18048
-1.06521
-0.474165
-1.38491
-1.32654
-0.770445
-0.756263
-0.978879
-1.59996
-1.30406
-0.372257
-0.808514
-0.612641
-0.580629
-0.444103
-1.08468
-1.29031
-0.977101
-0.432751
-0.828627
-0.384042
-0.399087
-0.298691
-0.999196
-0.613508
-0.820948
-1.09887
-0.927533
-0.513546
-0.508285
-0.804348
-1.04949
-1.67198
-0.401383
-0.670168
-0.385536
-0.930937
-0.796752
-1.23145
-0.39289
-1.14971
-0.820334
-0.925881
-0.929333
-0.485889
-0.897446
-0.924643
-1.1654
-0.712529
-0.608064
-1.10475
-0.775409
-0.567054
-0.119722
-0.436156
-0.96298
-0.792451
-1.00324
-1.032
-0.725287
-1.02226
-0.610035
-1.24676
-0.92677
-0.858441
-0.858441
-0.696043
-0.640144
-0.640144
-1.14706
-0.450578
-0.561861
-0.601144
-0.666112
-0.696065
-0.984224
-0.611068
-1.16419
-0.716183
-0.716183
-0.818561
-1.13863
-1.61407
-0.605794
-0.695012
-1.05697
-1.06127
-0.344308
-0.775238
-0.771304
-1.15079
-0.904683
-0.616024
-0.735837
-1.00289
-0.44525
-1.07883
-0.566415
-0.91254
-0.717415
-0.763906
-0.664645
-1.1837
-0.628046
-0.716897
-0.941307
-0.610402
-0.610402
-0.81426
-0.914306
-0.740277
-0.549878
-0.627175
-0.551555
-1.19696
-0.438692
-0.341606
-0.549111
-0.861016
-0.524143
-0.706106
-1.10354
-0.623
-0.857505
-1.05911
-1.05911
-1.16529
-0.73314
-0.67912
-0.544603
-0.78152
-0.908742
-0.674256
-1.35847
-0.653747
-0.993909
-1.20044
-1.20276
-1.25085
-0.890834
-0.91421
-1.26429
-0.763325
-1.17636
-0.832399
-0.550919
-1.41428
-0.307185
-0.949685
-1.09248
-1.24936
-1.11323
-1.07954
-0.870546
-0.891021
-0.857704
-0.846158
-0.610036
-0.873065
-0.922951
-1.00847
-1.00847
-0.669702
-0.668643
-1.0208
-0.443865
-1.0252
-0.793874
-0.730077
-0.729043
-0.963066
-0.790412
-0.83132
-0.853534
-1.05663
-0.83969
-0.737513
-1.26704
-0.710957
-1.17962
-0.931998
-0.650657
-0.917206
-0.961838
-1.03391
-1.00653
-0.169265
-0.317602
-0.933709
-0.619957
-1.1326
-0.845087
-0.867904
-0.95564
-1.06866
-0.746127
-0.64131
-1.25112
-0.775222
-1.20218
-1.23471
-1.32526
-1.06443
-0.849053
-0.817811
-0.704318
-1.00272
-0.734885
-0.920444
-0.864841
-0.852824
-0.638356
-0.360433
-0.605863
-1.00137
-0.644471
-1.22573
-0.84526
-0.816154
-0.902093
-1.32846
-0.92793
-0.993483
-0.917612
-1.29609
-0.603139
-1.39195
-1.16403
-0.941194
-1.07199
-0.553781
-1.16478
-1.04168
-1.16299
-0.955578
-0.646572
-0.553306
-0.966112
-0.956739
-0.714734
-0.934854
-0.849923
-0.209805
-1.02231
-0.855676
-1.29265
-1.48522
-0.710098
-1.5601
-0.879594
-1.02252
-0.640657
-0.730482
-1.34727
-1.10174
-0.920404
-1.19224
-0.575699
-1.13196
-0.807506
-0.642007
-0.972935
-0.862174
-1.4145
-0.871194
-0.467287
-0.662653
-0.306118
-1.06023
-0.854602
-1.07265
-0.762322
-1.07581
-1.25539
-1.06352
-0.876612
-1.79922
-1.27799
-1.11672
-0.930758
-1.22258
-0.881071
-0.600374
-0.698218
-1.16958
-0.468955
-0.495381
-0.569124
-1.06806
-1.06806
-1.20317
-0.688562
-0.884312
-0.76181
-0.784404
-0.796083
-0.493448
-0.957941
-1.28025
-1.00311
-0.92488
-0.979101
-0.255541
-0.721331
-0.659242
-0.668105
-0.668105
-1.33001
-0.723733
-0.983699
-0.835073
-1.25226
-0.807039
-1.1234
-0.532605
-0.598564
-0.681798
-0.624227
-0.670333
-1.00599
-1.00862
-0.854616
-1.13777
-1.05057
-0.984235
-0.891714
-0.770498
-1.11963
-0.699437
-1.33279
-0.687033
-0.54776
-0.90866
-0.893367
-0.984881
-0.521204
-0.646948
-0.510965
-0.553947
-1.11407
-0.877023
-0.688241
-0.642333
-1.01617
-1.07321
-0.773563
-0.585298
-0.921877
-0.745128
-1.20023
-0.382954
-0.598242
-0.98039
-0.694551
-1.19255
-0.827052
-0.893633
-1.35996
-0.983978
-0.983978
-0.763787
-0.916259
-0.916259
-0.611971
-1.00419
-0.59238
-0.16915
-0.75732
-0.808125
-1.04568
-0.464326
-0.53205
-0.644396
-0.388547
-1.0399
-1.3505
-1.06052
-0.348515
-0.843181
-0.688698
-0.688698
-0.513866
-0.802433
-0.902325
-1.07359
-0.935557
-0.541579
-0.778548
-1.01986
-1.1856
-0.922212
-1.44992
-1.27509
-0.816855
-0.794109
-0.736371
-1.18999
-0.916059
-0.194406
-0.5661
-0.598563
-0.880585
-0.663345
-1.13476
-1.1989
-0.932033
-0.498482
-0.344146
-0.501937
-0.426741
-0.868833
-0.878242
-0.945757
-0.979456
-0.642292
-0.809579
-0.975031
-0.870662
-0.981582
-0.725448
-0.762986
-0.54443
-1.08922
-0.89281
-0.870284
-0.823901
-0.900746
-0.701409
-0.663512
-0.910254
-1.13775
-1.15033
-0.686997
-1.09961
-0.58713
-1.18184
-0.599958
-1.00553
-1.305
-0.694686
-0.728609
-1.1056
-0.862748
-0.475332
-0.685766
-0.541655
-0.882032
-0.683165
-0.833121
-0.753112
-0.755105
-0.924119
-1.00958
-0.776554
-0.722256
-0.974218
-0.585863
-0.710005
-0.783162
-0.616666
-0.934935
-1.26757
-0.752904
-1.19738
-0.55954
-1.0963
-0.813127
-0.419602
-0.695855
-1.10154
-1.10154
-1.19875
-1.40126
-1.10491
-0.840155
-0.95835
-1.21822
-1.24193
-0.713369
-0.962029
-0.907596
-0.324604
-1.38297
-1.29809
-1.04405
-1.27286
-1.12611
-1.10753
-0.964635
-0.87204
-0.717253
-1.01207
-1.47642
-0.654298
-1.28619
-0.632183
-0.779886
-0.878068
-0.60344
-0.775866
-0.811709
-1.28869
-0.740214
-0.623108
-1.2544
-1.32992
-0.794801
-0.84057
-0.773238
-1.01895
-0.85489
-0.583767
-0.555655
-1.16742
-0.528171
-0.840142
-0.61353
-0.974322
-0.956241
-0.907131
-0.600277
-0.9924
-1.02835
-0.715294
-0.765242
-0.983287
-0.620484
-0.560072
-0.712763
-1.20471
-0.952942
-0.791778
-0.762928
-0.9546
-1.16456
-0.938823
-0.737182
-1.06974
-0.940216
-0.50235
-0.519527
-0.802603
-0.734528
-1.1621
-0.761363
-0.938949
-1.10477
-1.14854
-1.15224
-0.921143
-0.984918
-0.926955
-0.401582
-0.810135
-1.03834
-1.05395
-0.679992
-0.784298
-0.791878
-1.32692
-0.857975
-0.770617
-0.95079
-1.24341
-0.196033
-0.47954
-1.04223
-0.787395
-0.487034
-0.63333
-0.601273
-0.616981
-0.841348
-0.841348
-0.982382
-1.03628
-1.25423
-0.514947
-0.525485
-0.587875
-0.894452
-0.919976
-1.25648
-0.678762
-0.733654
-0.462761
-1.25164
-1.22029
-1.13916
-0.788361
-0.607337
-0.576609
-0.745037
-1.07921
-1.15346
-0.818385
-1.18852
-1.04347
-1.04347
-0.800391
-0.716736
-0.868432
-1.01662
-0.37392
-1.06872
-0.908207
-1.27988
-0.867311
-1.06661
-0.800453
-0.943178
-0.879001
-0.391685
-0.811398
-0.811398
-0.843845
-0.561572
-0.604565
-0.773638
-1.32751
-1.07171
-0.556813
-0.473255
-1.2328
-0.623403
-0.651982
-0.804946
-0.767811
-0.612247
-0.262778
-1.25597
-1.1194
-1.55054
-1.11269
-1.52573
-0.485086
-0.618009
-1.06245
-1.32486
-0.719318
-0.723508
-0.831654
-0.789905
-0.383265
-0.383265
-0.477112
-0.302152
-0.808587
-0.183621
-0.72481
-0.824118
-0.81803
-0.634669
-0.962737
-0.676106
-0.969572
-0.709345
-1.21918
-1.06332
-0.451193
-0.600174
-1.05372
-1.29879
-0.889509
-0.889509
-0.982852
-0.632042
-0.813681
-0.963479
-0.996375
-0.573802
-0.963558
-0.973741
-1.06958
-1.06756
-1.12663
-0.769957
-1.15711
-0.803162
-1.50655
-1.0278
-1.17087
-1.05552
-1.24756
-0.513181
-0.693553
-0.490571
-0.289138
-0.922251
-0.564362
-1.04786
-1.13685
-0.757103
-0.654402
-0.703072
-0.814215
-0.610231
-0.778887
-0.29569
-0.248564
-0.103584
-0.749307
-0.924951
-0.850362
-1.0042
-0.907306
-0.92336
-0.670606
-0.629804
-0.547925
-0.644496
-0.786669
-0.9987
-0.504285
-0.423481
-1.1084
-0.95285
-0.817519
-0.912571
-1.37429
-0.704343
-1.02259
-0.819405
-1.54432
-0.868318
-0.87744
-0.803562
-0.951818
-0.741923
-0.862676
-0.892029
-0.805884
-1.06956
-0.620375
-1.01005
-0.784596
-0.989194
-1.20097
-0.819201
-0.843665
-0.857172
-0.447076
-0.75944
-0.75944
-0.636982
-1.27723
-0.583371
-0.680571
-0.520663
-0.57657
-0.532433
-0.713935
-0.800853
-1.40974
-0.842161
-1.70528
-0.526508
-1.20229
-1.19445
-0.592548
-0.591501
-0.959582
-0.934289
-0.801073
-1.03401
-0.540429
-0.582161
-1.15495
-1.03164
-0.961384
-1.0793
-0.630498
-1.01854
-1.1672
-0.681725
-0.915327
-0.820118
-1.35553
-0.916943
-1.00537
-0.862704
-1.18275
-0.550679
-0.946084
-0.41968
-0.888874
-0.548718
-0.821157
-1.16485
-1.19128
-0.474638
-1.00775
-0.975756
-0.817632
-0.795502
-1.26747
-0.625547
-0.956604
-1.16574
-1.68822
-0.930389
-0.849211
-0.731372
-0.884894
-0.944514
-1.08431
-0.81512
-0.81512
-1.07019
-1.2626
-0.952929
-0.680698
-0.661109
-0.422984
-0.738673
-0.917588
-0.0947824
-0.381432
-1.01624
-0.804659
-0.907535
-1.02136
-0.9103
-0.816771
-0.709101
-0.585858
-0.913713
-0.714821
-1.1785
-0.561801
-1.09701
-1.15868
-1.05277
-0.891275
-0.322489
-1.2212
-0.847695
-0.197784
-1.08648
-1.2294
-0.569508
-0.574543
-0.928054
-0.823237
-0.815518
-0.599765
-1.06984
-0.759708
-0.844929
-0.844929
-0.79958
-0.815962
-0.649953
-1.09547
-0.565362
-1.36722
-1.04849
-1.097
-1.09883
-0.706123
-0.519594
-0.719702
-0.924829
-0.881485
-0.877411
-0.96944
-0.910894
-0.910894
-0.782893
-0.592475
-0.582457
-0.814413
-1.17641
-1.16155
-1.07549
-1.33973
-0.699793
-1.26076
-0.359145
-0.901648
-0.242576
-1.12627
-1.74398
-0.903677
-1.1049
-0.63212
-0.794962
-0.188309
-0.523957
-1.2611
-1.01233
-0.842289
-0.653115
-0.79209
-1.10104
-1.42791
-1.0673
-1.03662
-1.26684
-0.583044
-0.679065
-1.23902
-1.07824
-1.49902
-0.364924
-0.87725
-1.20962
-0.642069
-1.04767
-1.07258
-1.51083
-1.45032
-0.849888
-0.703036
-1.26493
-0.874254
-0.91659
-0.906544
-1.43324
-1.28997
-0.943669
-0.497633
-0.913448
-0.747446
-0.914075
-0.863067
-1.12955
-0.72976
-0.787979
-0.703852
-0.531378
-0.734997
-1.01872
-0.755533
-0.864451
-1.04893
-0.864388
-0.888712
-0.740418
-1.06332
-1.08078
-1.15928
-0.678418
-0.866007
-0.524011
-0.589894
-0.966414
-0.74538
-0.967088
-1.12609
-0.918846
-0.810426
-0.573282
-0.964133
-1.23065
-1.54888
-0.702633
-1.03263
-0.648793
-1.57866
-0.296539
-0.664933
-0.662439
-0.694495
-1.0046
-1.05591
-0.73136
-1.11619
-0.763979
-1.0396
-0.736945
-1.08453
-0.847836
-1.06035
-1.12599
-1.22718
-0.712598
-0.975517
-0.505924
-0.477768
-0.522268
-1.04258
-0.388214
-0.59
-0.849247
-0.641391
-0.684569
-0.839267
-0.806347
-0.72346
-1.0798
-0.560573
-0.513358
-1.16726
-1.02223
-1.07568
-0.68456
-0.736747
-0.854552
-0.282047
-0.649946
-1.39765
-0.691133
-1.17995
-1.04512
-0.764592
-0.617442
-0.841027
-1.11379
-0.549178
-0.772567
-1.37143
-0.796321
-0.704249
-0.900726
-0.719483
-1.23511
-0.526524
-0.881828
-0.216772
-1.21372
-0.264548
-0.642323
-0.313368
0.165794
-1.04523
-0.75193
-1.21479
-0.714288
-1.51814
-0.70953
-0.257122
-0.728954
-0.801832
-0.880993
-0.81235
-0.586195
-0.90351
-0.926381
-0.931761
-0.983132
-0.533274
-0.648362
-0.342435
-0.809784
-1.21141
-1.07979
-0.824674
-0.977293
-0.930825
-1.13891
-1.06637
-0.696832
-0.621608
-1.11176
-0.580129
-0.815515
-0.681073
-1.36076
-0.261654
-0.972871
-0.948602
-0.627311
-1.12663
-0.906666
-1.31801
-0.604167
-1.30759
-0.888518
-0.96924
-1.32609
-0.447302
-1.1868
-1.1868
-0.942365
-1.15855
-0.392115
-1.20496
-0.712179
-0.769227
-1.37753
-1.30215
-0.700587
-0.79397
-0.966239
-0.921281
-0.608654
-0.821327
-0.542395
-0.951852
-0.938708
-1.15382
-0.983389
-1.42223
-0.878008
-0.629745
-0.632583
-1.29786
-0.73548
-0.609059
-0.980658
-0.806108
-1.04719
-0.220794
-0.695893
-0.992749
-0.779763
-0.456042
-0.177481
-0.275528
-0.804038
-0.822189
-1.08754
-0.816619
-0.863588
-1.02218
-0.915473
-1.2711
-0.884649
-1.10238
-0.869908
-0.346813
-1.52465
-0.415148
-0.846138
-1.47861
-1.23341
-1.1198
-0.935916
-1.04297
-1.32022
-0.635209
-0.670845
-1.23888
-0.993475
-0.826333
-0.340882
-1.31385
-0.906535
-0.848298
-0.130798
-0.61137
-0.903355
-1.18503
-1.37512
-0.810671
-0.98586
-0.780045
-1.10102
-1.10384
-0.812379
-0.763104
-0.459066
-0.878297
-0.528059
-1.39241
-0.925568
-0.525313
-0.811587
-0.655633
-0.85311
-0.977597
-1.06305
-0.913363
-0.969646
-0.640778
-0.872206
-0.808449
-1.28115
-0.690642
-1.38626
-0.614369
-0.640308
-0.814207
-0.854626
-0.754583
-0.740524
-0.61117
-0.97125
-0.691269
-0.688812
-0.96254
-0.979096
-0.471803
-0.861071
-0.861071
-0.857911
-0.888579
-1.26992
-0.859773
-1.3254
-0.0926847
-1.03775
-0.781917
-1.20723
-1.00698
-1.12466
-0.883308
-0.633522
-0.784371
-0.877025
-0.491124
-0.353277
-0.5969
-0.715164
-0.937735
-1.30485
-0.326908
-0.729924
-0.718221
-0.306068
-1.08103
-1.29851
-0.884948
-0.662471
-0.746468
-0.714401
-1.20506
-0.779032
-0.779032
-0.805688
-0.841764
-0.890117
-0.781498
-1.12632
-0.903541
-0.694579
-1.39061
-1.2472
-0.218157
-0.634008
-1.23041
-0.911713
-1.25486
-1.18343
-0.623728
-0.805041
-0.727439
-1.04792
-0.433137
-0.999852
-0.970619
-1.86131
-1.00264
-0.855366
-0.887551
-0.887551
-0.428524
-1.44655
-1.0114
-1.09606
-0.536691
-0.598574
-0.80504
-1.21009
-0.648826
-0.970562
-0.561294
-1.2079
-0.605353
-0.924849
-0.230763
-0.893942
-1.09281
-0.795345
-1.22177
-0.840323
-0.572975
-0.753517
-1.27403
-0.685342
-0.845334
-0.637814
-1.13184
-0.659961
-1.03584
-1.17573
-0.446889
-0.335087
-1.00991
-0.441615
-1.15702
-0.907236
-1.05065
-0.796682
-1.22753
-0.735293
-0.714668
-0.505735
-1.00366
-1.07834
-1.38975
-0.848277
-0.995667
-0.609741
-1.00546
-0.334976
-0.624721
-1.02594
-0.687121
-0.886179
-0.648491
-0.375502
-0.22948
-0.736288
-0.853289
-1.07793
-0.539909
-0.913376
-1.22604
-0.687462
-0.991118
-0.991118
-0.907055
-0.854962
-0.972863
-1.0762
-0.966863
-0.90528
-0.285722
-0.856889
-1.16421
-1.16265
-1.04041
-0.865765
-0.920852
-1.05516
-0.667382
-0.513478
-1.0588
-1.0588
-1.14977
-0.900462
-0.928923
-0.961264
-1.14916
-0.907084
-0.661553
-0.595725
-0.595725
-0.840833
-1.13159
-0.887617
-0.95019
-0.95019
-0.74785
-0.433976
-0.902531
-0.57889
-0.784473
-0.977401
-0.612272
-0.73193
-0.73193
-0.876394
-1.0203
-1.22998
-0.927646
-0.99334
-0.691638
-0.931497
-0.72867
-0.481307
-0.736667
-0.77529
-0.508916
-0.514848
-0.650563
-0.497837
-0.932534
-1.07432
-0.760216
-0.924231
-0.284004
-0.748139
-1.02335
-0.387403
-0.925045
-1.12526
-0.967214
-0.421698
-0.766652
-0.179131
-0.783414
-0.339908
-0.751109
-0.738153
-0.3006
-0.527886
-0.788377
-1.06711
-1.21671
-0.857615
-1.19677
-0.736248
-0.754068
-0.49761
-0.899512
-1.06546
-0.845581
-1.17162
-0.765919
-0.73203
-0.789414
-0.896829
-1.19493
-0.683929
-1.34923
-0.566377
-1.28355
-0.443209
-0.513549
-0.867628
-0.525901
-1.26824
-0.373893
-1.07259
-0.943677
-0.593027
-0.969501
-0.63221
-1.05816
-0.857263
-1.16254
-0.431054
-0.621568
-1.24885
-0.551579
-1.6456
-0.381665
-1.09086
-0.9765
-1.25011
-0.675784
-1.02331
-1.02331
-1.08762
-0.962132
-1.02156
-0.753927
-1.53391
-0.950144
-0.993793
-0.492479
-0.280203
-1.2789
-0.604956
-0.556096
-0.593336
-0.593336
-0.993641
-0.739173
-0.648082
-1.26325
-0.924976
-0.768386
-1.01467
-0.8264
-1.04603
-0.710053
-0.571087
-1.06336
-0.990668
-1.01456
-0.751509
-0.808454
-1.08307
-0.334781
-0.0847556
-0.864885
-0.975694
-0.906816
-0.921419
-0.532032
-0.536841
-0.81389
-0.694614
-0.540522
-0.721473
-0.470338
-0.371825
-0.175406
-0.670105
-1.15487
-0.777889
-1.21496
-0.94214
-0.912684
-0.839876
-1.01641
-1.04606
-1.01954
-0.466152
-0.717394
-0.588701
-0.817173
-1.14879
-0.572187
-1.08638
-0.421342
-1.14574
-0.406948
-0.865233
-0.906176
-1.19707
-0.751847
-0.416828
-0.669925
-0.658846
-0.829661
-0.490017
-0.495566
-1.18991
-0.988299
-0.817929
-0.894332
-0.941685
-0.350191
-1.03983
-0.605588
-1.49459
-0.557447
-0.844034
-0.524778
-0.670304
-0.691787
-1.25367
-0.742134
-0.626761
-0.505932
-0.433869
-0.62602
-0.934628
-0.871339
-0.803184
-1.59226
-0.984974
-0.653532
-0.830037
-0.598678
-0.592694
-0.76245
-0.605172
-0.843324
-0.60564
-0.772911
-0.681762
-0.988739
-0.394193
-0.843995
-0.507891
-0.540838
-0.932482
-0.650137
-0.587355
-0.904568
-0.570385
-0.758177
-1.21093
-0.896645
-0.896645
-0.987331
-1.07807
-1.07807
-1.06908
-0.0492347
-0.483785
-0.759907
-0.558059
-0.741885
-0.792704
-0.580985
-1.08056
-0.88245
-0.67225
-0.882334
-0.762568
-0.724579
-0.507196
-0.998059
-0.712248
-0.646763
-1.21527
-1.20859
-0.630964
-0.296158
-0.742017
-0.161357
-0.378816
-1.28186
-0.411986
-0.657726
-0.816706
-0.838715
-0.928586
-0.500945
-1.09162
-0.949519
-0.729266
-0.911641
-0.438786
-0.583364
-0.608758
-1.1811
-1.10309
-0.616766
-1.22593
-0.984948
-0.889965
-1.66495
-1.17802
-0.665216
-0.68901
-0.779183
-0.620515
-0.588939
-0.965061
-1.27347
-1.25955
-1.07431
-1.04089
-0.66569
-0.523737
-0.784615
-0.500629
-0.886368
-1.3805
-0.982537
-0.731802
-1.29944
-1.62363
-0.919648
-0.901201
-0.6707
-0.907976
-0.693218
-0.724841
-0.880508
-0.815719
-1.0584
-0.972576
-0.787891
-0.913995
-0.810771
-1.22707
-0.540753
-0.96734
-1.10208
-0.998591
-0.844412
-0.533357
-1.016
-1.26132
-0.823461
-0.684058
-0.895445
-1.28845
-1.3302
-0.829207
-0.89276
-0.819945
-1.00664
-1.02789
-1.00534
-0.902855
-0.564496
-1.06929
-1.04066
-0.652969
-0.6299
-1.18753
-0.617984
-1.36161
-1.16287
-0.781162
-0.851071
-0.711102
-0.936294
-0.906663
-0.82358
-1.26199
-0.849842
-1.04027
-1.04027
-0.624799
-0.702104
-0.702104
-0.547053
-0.732107
-0.744169
-1.02508
-1.23793
-1.07139
-0.738871
-0.895815
-0.660256
-0.79674
-0.277131
-0.660724
-0.845239
-0.509994
-0.938411
-0.213171
-0.976172
-0.881906
-0.847617
-0.966419
-0.504582
-1.10432
-1.29737
-0.935233
-0.736947
-0.893974
-0.337852
-1.06266
-0.960233
-0.715797
-0.546938
-0.183716
-0.582057
-0.978274
-1.39055
-0.60999
-0.884379
-0.547883
-0.812954
-1.45099
-0.71917
-0.977088
-0.484669
-1.39628
-0.923746
-1.27811
-0.752428
-1.15184
-0.897358
-0.429569
-0.396978
-0.797131
-1.2403
-1.25109
-0.36185
-0.955984
-1.29682
-0.626788
-0.821976
-0.754961
-0.259851
-0.931673
-1.15939
-0.849638
-0.139423
-1.22011
-0.953135
-0.887096
-0.723828
-1.0598
-0.74784
-1.06483
-0.793714
-1.06309
-1.28189
-0.599658
-0.87644
-1.07633
-0.519002
-1.02877
-1.01614
-0.974801
-0.847825
-0.529014
-0.656286
-0.658358
-0.922543
-1.31038
-0.554658
-1.09047
-0.762113
-0.441886
-1.22678
-0.814752
-0.767132
-0.544072
-0.591032
-0.483725
-0.572183
-0.247162
-0.82087
-0.905259
-0.864379
-0.820024
-0.741678
-0.713538
-0.648046
-0.702721
-1.154
-0.471902
-0.84014
-0.657357
-0.676977
-1.22978
-1.45843
-0.795781
-0.813315
-0.668878
-1.04116
-0.6107
-1.14268
-0.828713
-0.590462
-1.0105
-1.11369
-0.502323
-1.51304
-0.866647
-1.03608
-0.709803
-0.697656
-0.857159
-0.769848
-0.807211
-0.500708
-0.909246
-0.612642
-0.962295
-0.720005
-1.07636
-1.00755
-0.738878
-0.634305
-0.843655
-0.829976
-1.13613
-1.32627
-1.34946
-0.515772
-0.752201
-0.41042
-1.09198
-0.962226
-0.622244
-0.914833
-0.948206
-0.315126
-0.8314
-0.582258
-1.12733
-0.938711
-1.26344
-1.23261
-0.905637
-0.740422
-0.724198
-0.878206
-1.02109
-0.864913
-0.864913
-0.709806
-0.472498
-0.472498
-0.976709
-0.664069
-0.379681
-1.10076
-0.932638
-0.799698
-0.575019
-0.949426
-1.19225
-1.1027
-0.893179
-0.906463
-0.900375
-0.828198
-0.947105
-0.953307
-0.938381
-1.23848
-1.28563
-0.741962
-0.541838
-0.894849
-0.736076
-0.841878
-1.05722
-0.469514
-1.02207
-0.526682
-0.364746
-0.705954
-1.05975
-0.941594
-0.958803
-0.664126
-0.837687
-0.331539
-0.582293
-1.26395
-0.876125
-0.707279
-0.584912
-1.07203
-0.887318
-0.416302
-0.693161
-1.00912
-0.570142
-0.994274
-0.489165
-0.772154
-0.511026
-0.989883
-0.602516
-0.800961
-0.440853
-0.659877
-0.748476
-0.436667
-1.26289
-0.98311
-1.03816
-0.696123