-18.8725
-18.5115
-19.6106
-17.5781
-16.2721
-20.2696
-17.3642
-17.77
-18.8869
-18.2396
-16.5299
-17.5369
-19.2271
-19.304
-19.485
-17.0513
-18.0636
-19.3413
-17.7214
-18.8051
-16.7642
-16.1987
-17.7457
-18.1785
-17.666
-18.1449
-17.7296
-17.454
-17.7591
-19.2138
-17.0513
-17.8133
-19.278
-17.8293
-16.7264
-17.6182
-17.3704
-17.4551
-17.7778
-19.6478
-17.0548
-19.5082
-17.9
-17.5332
-17.0316
-18.522
-17.0324
-16.2365
-18.7446
-17.6386
-17.1325
-18.3549
-19.1488
-18.2306
-17.1282
-17.9401
-16.0692
-19.1819
-17.104
-17.2008
-17.4795
-18.5222
-17.4686
-20.1849
-17.7405
-17.5204
-18.0825
-18.0893
-18.2628
-17.4752
-17.7516
-18.8349
-18.4098
-15.1977
-20.6516
-18.0109
-20.106
-17.951
-17.0724
-17.9998
-17.6221
-16.7877
-19.0331
-21.9111
-18.824
-18.8407
-17.9884
-18.1211
-18.1222
-17.199
-18.4071
-17.5684
-18.4003
-17.2232
-20.6393
-18.1782
-17.0985
-17.8558
-19.3506
-18.1336
-17.5468
-17.3915
-18.3319
-17.6413
-18.035
-17.9007
-18.4881
-17.8702
-19.3452
-18.0608
-18.2582
-19.0019
-17.8764
-17.3415
-19.1072
-17.1298
-20.1186
-18.072
-18.1484
-17.2548
-17.9326
-18.5336
-17.3628
-16.9074
-15.6519
-18.2148
-18.0766
-17.3438
-17.7725
-20.6414
-17.2684
-17.8604
-17.4042
-18.0163
-17.7217
-17.3248
-17.4123
-18.6503
-16.5217
-18.0743
-17.9583
-17.5548
-18.2091
-17.8044
-17.935
-17.3019
-17.8926
-18.4082
-17.1521
-17.8257
-15.9249
-18.9311
-19.1129
-17.0883
-18.0973
-20.1555
-17.5643
-18.2
-18.1139
-17.8724
-18.7023
-15.7642
-17.0285
-16.8034
-17.6511
-17.164
-18.1724
-17.1421
-16.453
-18.3193
-18.3474
-18.0722
-17.4901
-17.8147
-18.6366
-18.9587
-17.8806
-18.0517
-16.961
-16.6835
-20.1111
-18.3419
-18.5055
-17.5628
-18.3066
-18.6176
-17.5216
-17.284
-16.109
-18.0237
-19.1889
-17.8739
-18.3183
-17.9114
-19.7874
-16.7877
-17.515
-17.0096
-17.0358
-16.9537
-19.6938
-18.9252
-17.4693
-17.7751
-17.5972
-15.5699
-18.1873
-18.7569
-18.1707
-18.5422
-19.6286
-17.9517
-18.68
-18.3034
-20.3198
-18.5298
-17.7416
-16.3505
-18.7492
-17.4748
-17.6101
-18.1705
-18.7346
-18.2786
-18.7283
-20.6013
-17.519
-19.4814
-16.6359
-17.0982
-17.4938
-16.6353
-18.974
-17.487
-17.8189
-18.9526
-17.3732
-17.0701
-18.3078
-16.6809
-18.8337
-19.0219
-16.6658
-17.5825
-18.1279
-17.2499
-17.4672
-18.8117
-16.9231
-15.7836
-17.6964
-17.3354
-17.6294
-18.0117
-16.4318
-17.688
-18.8091
-22.0188
-17.6018
-20.3137
-21.6631
-18.1503
-16.891
-20.9941
-17.3226
-18.3503
-17.4183
-17.9044
-17.2532
-17.784
-18.9549
-17.8116
-18.7137
-17.3663
-18.135
-19.699
-16.5685
-18.8746
-17.4741
-18.3081
-18.0686
-18.0821
-16.44
-17.7713
-17.692
-19.2095
-20.5184
-17.6805
-18.611
-19.2951
-17.5953
-19.0127
-16.2704
-17.5269
-19.1835
-17.9279
-19.9186
-19.9853
-20.7084
-17.628
-22.5909
-17.5263
-17.7642
-16.2692
-18.3888
-18.1949
-17.4588
-17.7078
-18.8591
-17.5313
-20.041
-17.528
-18.1488
-17.7894
-19.1543
-17.6097
-18.1252
-17.8072
-17.7773
-18.0854
-17.0544
-17.018
-19.402
-18.3996
-18.0267
-17.965
-19.7788
-18.422
-18.3308
-18.9328
-17.2122
-17.8519
-16.4577
-20.4847
-19.6527
-17.2876
-17.4831
-17.2285
-17.3302
-17.2055
-17.3072
-18.6632
-18.8554
-18.0668
-17.984
-18.2421
-16.341
-17.5105
-17.4322
-15.1705
-17.2757
-18.9138
-17.8903
-16.6732
-18.4123
-18.3081
-19.1662
-17.7052
-18.7199
-19.1977
-17.5589
-19.0774
-18.1032
-18.7159
-18.6321
-17.5781
-16.5919
-18.7892
-16.2868
-16.5235
-17.7189
-17.6421
-17.6576
-18.2574
-18.1665
-18.3482
-17.9878
-19.2257
-17.5091
-17.8322
-19.4699
-19.9028
-17.0797
-17.3529
-18.7801
-16.9024
-18.1195
-18.7032
-18.2154
-17.8609
-17.9744
-17.2059
-16.6452
-18.2232
-18.5793
-19.1588
-19.5538
-16.0691
-17.436
-17.314
-19.3313
-18.0574
-19.3294
-18.9811
-18.7557
-19.2491
-18.1464
-18.0685
-17.7917
-17.7982
-18.1764
-16.466
-16.7874
-17.838
-18.5802
-17.2973
-17.9333
-17.4012
-18.7164
-17.8641
-16.4415
-17.5532
-19.5794
-19.2312
-18.6832
-19.5369
-17.867
-18.2038
-17.5783
-21.2525
-18.6897
-17.845
-16.7284
-18.6393
-17.4559
-17.5285
-18.1275
-17.8852
-20.7918
-16.6995
-18.3635
-18.2565
-17.652
-16.2889
-16.2657
-18.5289
-16.7233
-17.6502
-17.6196
-19.2983
-18.0527
-19.1205
-17.9553
-18.1621
-18.1329
-17.65
-20.2938
-17.4393
-17.5971
-17.4913
-19.6688
-20.0934
-18.0968
-18.5073
-15.9608
-17.5867
-19.4145
-18.5207
-16.6002
-19.5397
-16.9189
-19.0969
-18.7862
-17.2774
-18.1289
-17.5703
-17.232
-18.1222
-18.607
-16.0459
-18.5895
-17.1622
-17.6991
-17.7895
-17.8206
-17.7422
-17.9899
-18.0583
-18.1396
-17.2992
-17.2798
-17.1848
-18.2195
-17.3058
-17.3767
-17.3278
-18.797
-17.8118
-18.4515
-18.2906
-18.632
-18.0272
-18.7749
-17.7769
-16.3602
-18.3569
-18.2132
-17.9219
-18.5102
-17.9316
-16.7982
-18.4634
-17.0099
-17.4389
-17.0656
-18.5671
-18.6271
-17.7919
-18.6381
-17.4838
-20.197
-18.1807
-17.7743
-17.847
-16.2604
-17.2564
-17.1175
-17.6192
-16.3027
-18.075
-19.0291
-18.1134
-17.2154
-17.0562
-19.351
-15.2744
-19.4862
-19.1651
-21.5117
-17.6665
-17.0076
-17.3731
-17.3635
-18.2294
-17.3408
-19.8625
-16.5091
-17.7457
-18.4375
-16.9305
-22.4094
-17.6129
-17.8065
-19.1669
-20.1183
-17.8782
-17.4415
-18.8524
-16.931
-18.5985
-17.6552
-17.5458
-18.4384
-18.3603
-19.1986
-18.4422
-16.415
-18.4471
-17.5435
-18.7917
-17.5463
-17.5133
-18.7668
-19.12
-17.802
-17.3255
-17.5905
-19.0513
-17.7429
-17.3322
-16.1141
-17.8496
-18.3962
-20.1048
-17.2526
-17.4939
-17.8369
-18.4547
-16.4183
-16.016
-18.5414
-17.2564
-18.6967
-16.4254
-18.5381
-17.6173
-17.3556
-15.7434
-17.7936
-19.3819
-17.4686
-18.6359
-19.0835
-17.1511
-19.4304
-17.8636
-17.4981
-17.7946
-17.7307
-18.6228
-18.0816
-20.6532
-19.4917
-16.6942
-17.5992
-18.1005
-17.4127
-18.249
-18.6828
-17.4839
-17.5746
-18.0459
-18.8304
-17.4989
-17.5782
-18.949
-17.3666
-19.5323
-17.9271
-18.9222
-17.5675
-20.3172
-17.6114
-16.6429
-18.1488
-16.5854
-17.5074
-18.1801
-17.4849
-17.0775
-16.9359
-17.9576
-18.4479
-18.4844
-17.17
-18.9624
-19.8404
-18.1105
-17.327
-18.4625
-16.8519
-17.0848
-15.939
-16.1749
-21.732
-19.0116
-17.2803
-17.3416
-18.382
-19.7883
-17.0614
-18.3421
-17.7898
-17.0116
-16.9354
-17.5393
-17.4839
-17.2078
-17.7551
-19.105
-17.0723
-17.5005
-17.5906
-18.5894
-17.0408
-17.7437
-18.5756
-17.8387
-18.2245
-17.8522
-17.2498
-17.0959
-19.9342
-18.2116
-18.3935
-17.9805
-16.7507
-17.2669
-19.3486
-17.4996
-16.9659
-18.325
-17.7295
-17.6159
-18.8847
-17.9007
-17.3815
-19.1468
-19.7892
-17.2186
-19.1747
-17.8674
-17.1872
-17.5232
-18.2405
-17.1643
-18.4738
-17.4117
-20.4861
-18.5317
-16.7976
-17.1025
-18.3374
-19.048
-18.0386
-16.9479
-17.1775
-17.26
-19.6647
-17.5702
-18.9661
-19.1316
-19.3434
-15.7522
-17.6149
-17.6336
-17.8383
-18.7073
-17.3907
-21.832
-21.9425
-16.2294
-17.3847
-17.9947
-17.8517
-17.809
-19.2971
-18.4821
-18.7746
-18.4086
-15.8525
-17.3843
-18.0617
-16.5308
-16.1921
-16.6765
-17.147
-18.2119
-19.5076
-17.4676
-18.5067
-17.6529
-18.3773
-19.0234
-17.0851
-18.0367
-17.5631
-19.7018
-17.9082
-18.4333
-19.5812
-18.0671
-17.3132
-17.5962
-17.1216
-16.8234
-18.4411
-19.4806
-19.5905
-20.2698
-18.0679
-17.5494
-18.1674
-17.5035
-19.8091
-16.7414
-19.7811
-17.8306
-17.4475
-18.9296
-17.6829
-17.8422
-17.7052
-18.5135
-17.1226
-17.72
-20.0209
-17.7751
-17.7061
-17.0484
-17.7027
-18.1378
-17.7759
-18.3701
-16.4046
-17.6274
-17.4612
-17.686
-18.7801
-17.6536
-17.8103
-16.3531
-16.9286
-18.087
-17.6194
-18.4981
-18.7734
-22.8747
-19.0694
-17.7074
-17.4857
-17.6778
-16.5537
-17.1186
-17.4561
-19.1329
-18.3486
-17.227
-17.2466
-18.207
-18.1204
-16.7955
-16.5254
-19.1193
-18.6118
-17.4103
-18.035
-17.7372
-17.5448
-18.6261
-17.2608
-17.0232
-18.2701
-17.5262
-16.5618
-18.6539
-17.8066
-17.1114
-17.8202
-16.8494
-20.1328
-17.7102
-17.7473
-18.3758
-17.6086
-17.2516
-18.7989
-16.7586
-17.9988
-18.8375
-18.0326
-17.3859
-17.5766
-16.7875
-18.478
-19.5418
-18.7402
-17.1893
-17.753
-19.1391
-18.8475
-16.1292
-18.7112
-17.4737
-17.6304
-17.6137
-17.7417
-17.7174
-16.5438
-17.9002
-17.2624
-18.4757
-16.9116
-15.7733
-17.6923
-16.6167
-18.1007
-17.932
-17.7778
-17.3057
-18.7345
-17.7212
-19.8774
-17.6807
-18.3591
-17.9388
-17.5615
-17.9538
-17.8218
-18.1957
-18.4625
-17.5199
-18.6582
-17.1506
-18.4415
-18.2247
-17.2611
-17.5169
-17.7625
-17.7215
-16.8238
-16.8385
-16.4295
-17.385
-16.6376
-17.3804
-17.821
-17.5067
-18.1379
-18.0623
-17.7431
-17.432
-21.0319
-20.9346
-16.6849
-18.075
-18.3126
-15.9206
-17.4621
-17.2425
-15.9161
-17.0022
-18.2099
-17.4259
-18.0365
-18.4904
-17.383
-18.1791
-18.3822
-17.2716
-19.2863
-16.7043
-24.9481
-17.254
-17.8139
-16.9032
-18.6887
-18.7231
-17.7216
-17.701
-16.6532
-17.307
-16.8602
-16.8144
-17.032
-16.9873
-17.9943
-19.2131
-17.4964
-17.9489
-17.8529
-18.3506
-16.5348
-18.528
-17.5779
-17.3044
-17.6033
-17.188
-17.5621
-18.0156
-17.1577
-18.0932
-17.7716
-17.302
-18.124
-18.0568
-17.4682
-17.5466
-17.8591
-17.8307
-18.1621
-16.3578
-17.7518
-18.5074
-18.3808
-17.6328
-17.4864
-17.9753
-17.9602
-17.5092
-17.0124
-17.933
-17.3061
-17.5926
-18.2315
-17.427
-17.982
-16.8739
-16.5393
-17.5046
-18.546
-18.3182
-17.7912
-18.87
-17.9837
-15.3176
-17.6789
-19.4347
-17.2373
-17.133
-16.9383
-16.5482
-17.6036
-17.8207
-18.3776
-18.2656
-17.2933
-17.3105
-20.4339
-18.3007
-18.7179
-17.3642
-16.7869
-17.9149
-17.2766
-17.7586
-18.2403
-18.9793
-19.1203
-18.2683
-17.6138
-18.8495
-18.6353
-17.7656
-20.735
-17.6803
-17.7997
-18.453
-17.2459
-18.0765
-17.5364
-16.9923
-16.7017
-17.0485
-16.7859
-17.5458
-17.9502
-17.8466
-17.7002
-16.3106
-18.6717
-16.8114
-17.9789
-17.0984
-17.9801
-16.6658
-16.9733
-17.477
-16.5566
-17.9719
-17.4763
-17.94
-19.8655
-17.3155
-20.2408
-22.099
-17.5142
-17.4849
-19.0939
-17.804
-16.3525
-18.4133
-17.6249
-18.5412
-18.1067
-17.6474
-20.5471
-18.3915
-16.5733
-17.6729
-17.2515
-18.5072
-17.233
-17.8923
-17.9276
-18.5181
-17.6288
-16.9962
-16.9085
-17.7348
-17.8313
-17.2914
-16.7377
-18.7148
-17.7441
-18.0827
-18.1921
-17.9114
-18.5089
-16.4342
-17.58
-17.0915
-17.3873
-20.7133
-17.0067
-17.3067
-17.7978
-19.7381
-18.7148
-15.3685
-16.492
-18.2927
-19.6682
-16.9252
-17.1538
-18.1399
-17.5951
-16.6132
-17.3662
-16.3843
-16.6739
-17.5421
-17.8292
-17.5565
-17.9097
-20.0719
-17.9987
-19.6468
-17.4813
-17.7801
-18.1756
-18.3431
-18.1419
-16.8688
-17.0306
-17.1408
-16.5567
-17.7758
-18.5822
-17.988
-17.2711
-18.099
-18.2002
-17.1534
-18.1533
-16.8818
-17.7061
-20.6724
-17.3854
-18.8191
-18.7673
-17.9702
-17.6542
-18.316
-19.9896
-17.6332
-20.0443
-19.098
-17.6492
-18.3247
-17.7072
-18.9693
-19.8342
-19.9309
-19.6898
-17.1529
-18.3648
-17.843
-17.2562
-17.9351
-18.0054
-16.9504
-18.7286
-17.9464
-17.5635
-17.4036
-17.3719
-17.6074
-17.4916
-17.1643
-19.2698
-17.2342
-17.6346
-17.5732
-17.1218
-17.4174
-18.5246
-16.1084
-17.6652
-17.5882
-17.6433
-17.5537
-17.4538
-17.1886
-17.6666
-17.822
-17.8819
-17.453
-17.7272
-17.6276
-19.075
-16.4874
-16.6683
-16.5008
-17.3196
-18.2149
-16.6147
-17.6023
-16.1416
-21.1141
-17.6932
-18.184
-17.2275
-17.8061
-16.9569
-17.1513
-19.3588
-17.6521
-17.625
-17.7471
-19.1866
-17.176
-17.6145
-19.5059
-18.3627
-22.6835
-18.6053
-17.6615
-18.178
-16.9424
-16.9533
-17.7558
-17.9376
-19.5196
-16.334
-16.7866
-19.8014
-17.847
-17.8011
-17.7239
-19.707
-17.4488
-16.6957
-18.6889
-18.3466
-17.4867
-17.1345
-17.0369
-17.7436
-21.265
-19.2824
-17.2478
-19.8474
-17.7137
-19.0436
-18.5439
-17.2971
-18.3397
-17.8231
-16.9221
-16.2899
-20.966
-16.9365
-19.1247
-17.9765
-17.2957
-17.9531
-17.8359
-18.1306
-16.63
-20.2476
-17.8134
-17.485
-17.4562
-17.8965
-17.3124
-17.9088
-17.3308
-18.0913
-18.9026
-18.6945
-17.5885
-17.4081
-18.1781
-19.5787
-17.4013
-18.5418
-16.6595
-19.0341
-17.4317
-17.7392
-19.9566
-17.8253
-17.9877
-17.9584
-18.1418
-17.7356
-17.6667
-18.4892
-17.4343
-18.1765
-18.2238
-17.4088
-20.1783
-19.0195
-17.8657
-18.0379
-17.9473
-17.858
-16.2427
-19.3958
-18.2312
-17.8839
-19.3901
-18.9699
-17.725
-17.9451
-17.3276
-18.142
-17.5955
-18.4777
-18.6777
-17.5061
-17.6827
-16.7377
-17.5176
-19.1273
-18.8382
-17.4017
-18.783
-18.0883
-17.6638
-18.0569
-18.5451
-18.2444
-17.2545
-17.9296
-17.9163
-18.6798
-17.5214
-16.7319
-16.7965
-19.5187
-19.8752
-19.5433
-17.9743
-17.8887
-18.3994
-18.8717
-18.0457
-21.0659
-16.9981
-16.6613
-17.4029
-18.477
-16.997
-18.5981
-17.9533
-18.3914
-17.2068
-18.2413
-18.3171
-18.4502
-17.6835
-17.1027
-17.1239
-18.8275
-19.2503
-17.137
-17.327
-18.6444
-19.6478
-18.9398
-16.5142
-18.8972
-17.092
-17.8203
-16.6165
-16.619
-18.1761
-16.6282
-17.7522
-16.8067
-18.3536
-17.9425
-17.6293
-17.527
-19.0894
-17.228
-18.4421
-18.937
-18.1306
-21.3868
-17.6571
-17.6287
-18.2265
-18.0834
-18.1202
-18.701
-16.9739
-18.1563
-17.4795
-19.0843
-17.2003
-17.6042
-17.5899
-17.8215
-19.5435
-17.4246
-16.6232
-16.6574
-18.0036
-16.8387
-18.0127
-19.0114
-17.0995
-17.837
-19.0212
-19.1743
-17.6476
-17.5131
-17.6801
-18.533
-17.3544
-18.5348
-17.6293
-19.0254
-19.3235
-17.6715
-17.6313
-16.693
-18.9882
-17.4199
-17.8717
-18.1975
-17.5866
-18.632
-19.4945
-17.8388
-17.36
-21.1096
-17.7557
-17.6122
-19.1829
-20.0204
-16.9421
-17.1461
-18.0849
-16.9181
-17.7989
-17.9345
-17.0399
-18.3355
-17.7599
-17.9022
-17.7777
-17.5199
-18.9468
-16.2515
-18.1562
-17.3276
-18.5072
-16.6487
-16.828
-17.9825
-17.3228
-19.308
-16.7172
-20.4716
-17.1545
-18.4804
-16.6548
-18.9306
-17.4417
-18.0223
-17.6361
-17.8634
-17.6801
-17.9217
-17.7931
-18.5386
-19.1497
-17.2283
-17.4793
-17.694
-18.3621
-18.1042
-16.6582
-17.8287
-18.3844
-17.767
-18.1168
-18.0213
-21.8452
-18.883
-19.2055
-17.7508
-16.7153
-16.7291
-19.9104
-17.2192
-16.7284
-17.6504
-16.0814
-17.3995
-17.5819
-19.947
-18.4864
-16.0664
-17.2944
-17.4395
-16.4577
-17.2536
-17.3601
-17.0219
-18.1369
-20.2082
-18.7183
-17.7257
-18.9267
-19.5268
-19.6413
-17.7794
-19.1397
-19.2774
-16.7269
-17.8063
-17.8132
-18.2253
-19.1822
-17.8008
-17.7995
-17.9843
-16.9706
-16.7385
-17.6704
-18.1815
-17.8938
-18.5392
-17.4882
-16.6218
-17.3758
-19.5007
-17.9314
-17.5114
-17.4741
-18.229
-17.6109
-17.0116
-18.5293
-18.1209
-16.3275
-19.3315
-17.9281
-19.4948
-17.7522
-18.6225
-17.8118
-17.7036
-17.8186
-19.1571
-18.2325
-18.7019
-17.1364
-18.7573
-17.7759
-17.4062
-17.4143
-16.2389
-19.4595
-18.3839
-17.9449
-18.867
-18.928
-18.1829
-17.6334
-19.078
-21.5721
-18.3801
-17.7025
-17.9917
-21.5431
-17.2086
-16.4694
-17.8987
-16.5999
-17.9946
-17.7853
-18.7104
-17.7568
-18.5648
-18.1639
-17.4697
-17.0577
-16.6262
-17.4969
-16.6874
-20.228
-18.5237
-17.6622
-17.2353
-18.1218
-17.905
-17.2984
-17.4218
-17.6156
-20.5498
-16.8624
-17.9013
-17.2187
-17.434
-18.1939
-17.3341
-21.2935
-17.1128
-18.1236
-17.8826
-18.0367
-17.2563
-18.9168
-17.7598
-18.1399
-19.05
-19.7807
-18.4794
-17.9915
-17.7529
-18.1069
-17.8904
-17.5815
-19.9931
-15.7192
-16.9958
-18.4865
-18.2426
-17.4659
-17.8739
-17.5839
-16.528
-18.8312
-18.8455
-17.743
-17.6425
-17.8878
-18.2003
-17.2007
-17.6265
-16.7049
-19.3518
-17.4666
-16.7782
-17.4859
-16.1766
-20.0132
-17.5138
-17.7729
-17.4172
-18.4711
-17.9381
-17.1463
-18.1994
-18.4611
-18.8046
-18.078
-17.0696
-16.9621
-19.8256
-16.3311
-18.9076
-18.4366
-19.4361
-19.5309
-17.7189
-18.4359
-19.636
-17.1083
-18.4431
-18.7943
-17.7277
-21.0412
-18.1779
-18.4992
-18.5252
-18.4213
-18.0158
-17.5519
-18.2745
-18.6579
-18.932
-17.9202
-19.642
-18.718
-16.9289
-17.3494
-18.6543
-18.7339
-17.5938
-18.1579
-16.548
-17.6309
-17.4073
-17.0352
-18.5172
-16.8335
-19.2269
-17.7357
-20.1757
-20.2403
-16.6308
-17.9981
-18.7855
-16.3297
-17.159
-19.0484
-19.9588
-17.0572
-17.6437
-18.7857
-17.7429
-17.9413
-18.6998
-19.3805
-19.0513
-17.4431
-16.8738
-18.7941
-22.2384
-19.5539
-18.8597
-18.3915
-18.2024
-18.6321
-17.9776
-19.0356
-17.2979
-17.128
-16.9921
-15.6583
-17.2486
-16.4516
-18.068
-19.1492
-17.7083
-18.0142
-17.7356
-19.1892
-18.097
-16.7557
-19.4705
-17.8634
-18.2467
-19.9619
-16.9257
-17.9731
-18.3975
-20.0367
-17.539
-17.236
-15.8345
-17.4471
-18.4052
-17.3778
-17.234
-18.3019
-18.2848
-17.4995
-18.5886
-17.9796
-16.6153
-16.5473
-17.7699
-17.6974
-15.694
-17.9693
-18.5102
-17.7016
-18.0833
-18.2474
-17.7094
-16.9851
-17.1391
-16.8549
-17.1382
-18.0771
-17.0486
-17.452
-16.1632
-17.247
-17.6866
-18.5241
-19.1416
-18.0215
-18.3735
-19.5714
-16.6328
-18.1832
-18.7681
-17.0713
-17.0174
-17.626
-17.1186
-17.0487
-19.9035
-19.6609
-17.5986
-18.1185
-17.9234
-18.079
-19.8236
-20.2992
-16.8808
-18.0248
-18.0835
-17.9196
-17.9722
-16.8138
-17.8253
-19.0528
-17.4875
-18.0839
-16.4546
-17.7704
-18.0365
-17.7428
-17.8226
-17.5068
-21.9945
-17.6504
-20.1417
-19.3623
-18.8406
-17.3154
-16.7849
-17.3707
-18.5516
-17.7706
-18.5406
-19.0862
-18.0174
-18.5191
-18.8099
-16.4036
-20.1129
-17.9748
-17.9253
-17.7372
-17.5677
-16.6319
-18.7889
-16.7339
-18.1227
-17.1692
-19.1341
-20.1712
-16.7277
-17.4444
-17.7904
-17.3483
-18.1767
-19.5694
-17.5988
-18.9275
-16.7724
-17.8927
-17.266
-19.2178
-17.4983
-16.9311
-18.0412
-17.7192
-17.5926
-17.8151
-18.5606
-19.0239
-17.2622
-18.1177
-17.139
-17.5274
-16.1608
-17.3247
-17.2942
-17.5742
-17.3553
-19.7678
-17.3645
-16.6815
-17.623
-16.876
-16.552
-16.9924
-19.5176
-18.2628
-19.7837
-17.5106
-20.4459
-17.5486
-18.9425
-18.9255
-17.3753
-17.5518
-17.5236
-17.1237
-18.0032
-17.6379
-17.8138
-18.4975
-18.4962
-17.6913
-17.0873
-19.3186
-18.2684
-16.944
-18.9338
-18.1647
-17.7243
-18.1243
-17.4861
-17.3526
-19.092
-17.2777
-17.343
-16.5361
-17.7782
-17.0085
-19.36
-17.8029
-17.4165
-17.7838
-18.0349
-17.3704
-18.2913
-16.7297
-15.8988
-18.8523
-17.7134
-17.403
-16.9997
-18.5753
-17.3893
-18.1972
-17.5001
-19.2829
-18.6691
-18.0345
-18.4717
-17.4411
-16.4475
-15.6093
-17.56
-17.5315
-18.1591
-17.0538
-22.736
-16.565
-17.8811
-18.6932
-19.6437
-18.0797
-19.4097
-18.3279
-17.5424
-16.8765
-18.6756
-17.1473
-16.4311
-19.4305
-17.6895
-17.5467
-17.4284
-17.7789
-17.4142
-18.6035
-19.5754
-19.9747
-18.9368
-17.5834
-17.1775
-16.5596
-17.5218
-18.7417
-18.5172
-18.0379
-17.7533
-18.209
-17.5646
-18.1653
-17.6172
-18.088
-16.8237
-18.7581
-17.5612
-16.5655
-17.3174
-18.3106
-17.4088
-18.9616
-18.1657
-18.8508
-17.8888
-17.7069
-18.8788
-17.5628
-17.7428
-18.753
-17.6294
-17.7087
-18.3884
-18.5394
-20.5685
-17.6436
-19.4343
-18.9205
-17.5509
-18.0999
-18.108
-16.5371
-17.3652
-16.2684
-17.8853
-19.0486
-17.285
-17.2041
-18.2742
-17.0144
-17.8192
-16.8104
-18.1086
-16.0607
-15.1271
-17.7535
-17.9791
-17.7943
-17.7101
-18.2955
-18.7322
-18.108
-18.3117
-16.8509
-18.6864
-20.8283
-17.7951
-18.502
-16.7055
-19.4264
-18.5966
-19.9356
-17.7637
-17.6256
-18.0429
-17.8183
-18.3507
-16.7299
-18.6721
-19.0054
-17.3276
-17.4636
-18.4129
-17.3044
-17.4109
-18.4209
-17.5555
-17.2597
-17.6662
-17.8312
-17.8165
-17.7971
-18.6256
-17.5392
-19.6922
-18.9532
-19.5557
-17.6359
-18.5028
-17.6095
-17.6507
-17.692
-18.011
-18.0201
-17.3399
-17.3084
-18.9933
-16.2928
-17.0103
-18.2386
-17.1491
-17.6685
-17.5209
-18.1795
-17.5642
-17.6995
-16.722
-20.4624
-18.0204
-18.9839
-19.1607
-17.1544
-19.1042
-16.3769
-17.7877
-17.6516
-17.8748
-16.9247
-17.6144
-18.4695
-17.8511
-18.139
-19.3125
-19.1932
-17.8362
-17.8033
-19.6576
-17.542
-16.8963
-17.5558
-18.6678
-21.1606
-16.6183
-18.8786
-17.6419
-18.0289
-17.6859
-18.8134
-17.4973
-18.2713
-16.8607
-18.4706
-17.7306
-18.2703
-18.8141
-17.465
-18.0992
-17.2804
-17.9551
-17.1899
-17.6136
-16.2832
-17.7387
-18.4959
-17.5686
-17.6334
-17.9893
-20.9533
-18.2486
-17.0964
-18.9524
-17.1629
-17.9739
-17.4345
-18.5434
-18.367
-17.8429
-17.9961
-18.6014
-18.6852
-17.5035
-18.585
-17.3513
-17.7848
-17.1207
-22.4
-17.9243
-17.8415
-18.8358
-18.6584
-17.4069
-16.4553
-17.3981
-18.9192
-16.4382
-19.0549
-17.6619
-17.8539
-17.8573
-18.1284
-18.0129
-17.8347
-17.3108
-19.3372
-17.2447
-17.8296
-17.6478
-19.3232
-17.3241
-18.1147
-18.3369
-17.3199
-18.4563
-19.0602
-17.4542
-17.7662
-18.0949
-17.938
-17.8724
-17.2306
-21.1665
-17.2372
-17.0504
-18.485
-17.5987
-18.2258
-16.8958
-19.2787
-17.1219
-17.3133
-16.745
-16.6836
-17.1371
-15.7819
-17.2766
-18.8234
-18.2519
-17.9864
-15.8672
-17.7785
-17.2268
-17.2816
-16.8083
-17.4488
-16.9508
-17.3468
-17.5665
-17.4539
-17.3611
-18.0851
-19.5357
-16.8197
-19.7674
-17.5255
-15.3169
-17.743
-18.5092
-17.5069
-17.261
-17.3171
-19.2317
-20.3919
-16.9544
-17.8748
-17.2526
-18.4814
-17.1774
-18.6084
-18.3555
-16.8706
-18.2751
-17.8818
-17.8455
-21.0935
-17.341
-18.1294
-18.4477
-18.1794
-16.9957
-17.4934
-18.3636
-18.1447
-17.5068
-18.55
-20.0851
-18.3682
-18.1048
-15.6343
-18.9665
-18.2301
-16.1486
-17.0393
-15.4936
-18.8676
-18.4898
-17.3156
-17.2032
-18.2276
-16.5833
-18.3701
-17.9117
-18.5007
-18.127
-18.0828
-17.1265
-17.2988
-17.2488
-18.3707
-17.715
-18.3758
-17.8955
-17.7585
-17.9574
-16.6644
-18.1341
-17.4324
-17.4787
-17.7221
-18.6067
-16.3109
-17.3418
-18.1409
-18.2241
-17.2473
-18.8283
-18.0225
-19.0949
-16.9206
-17.6255
-17.8925
-21.6712
-17.0506
-19.423
-16.7708
-17.901
-21.6868
-18.6301
-18.1265
-18.1346
-17.9795
-20.46
-17.3966
-16.8613
-19.1401
-21.4468
-22.4174
-18.853
-18.5648
-17.5161
-19.0191
-18.3988
-17.8319
-17.3856
-17.5906
-15.3576
-17.5747
-18.5318
-18.447
-17.9879
-17.1385
-16.9847
-17.9512
-17.1069
-18.161
-17.2275
-18.8255
-18.6207
-19.075
-17.8633
-19.2687
-18.2937
-19.6678
-18.3615
-18.4998
-18.4743
-16.4254
-18.4353
-18.0407
-17.7067
-16.6603
-18.5752
-20.6995
-16.5411
-17.9581
-18.6887
-16.732
-18.5479
-18.2708
-17.4752
-17.9872
-17.2719
-17.8429
-18.87
-16.7001
-18.2547
-16.8124
-17.0907
-17.7405
-16.7539
-17.661
-17.8484
-16.8787
-17.281
-17.36
-17.0582
-17.1915
-19.7814
-18.3183
-17.9746
-15.4636
-18.7806
-17.9326
-18.1463
-18.4094
-17.5436
-17.8947
-17.3447
-17.1749
-17.0431
-17.8645
-17.7724
-18.258
-16.2959
-19.9229
-21.3568
-17.2412
-18.2371
-19.3604
-18.8822
-16.9552
-19.4481
-18.3524
-17.687
-18.4303
-17.3702
-18.0855
-17.9592
-17.432
-18.0568
-18.8376
-18.8843
-19.0898
-20.1878
-16.9686
-18.4211
-17.8323
-17.9896
-17.4287
-17.7211
-17.8599
-19.6121
-17.1193
-16.6708
-17.4652
-18.628
-19.0701
-17.3174
-16.8111
-18.151
-17.1037
-17.7751
-18.1913
-17.0119
-18.6483
-17.8325
-17.1004
-17.2917
-18.0513
-19.981
-18.4414
-17.5608
-18.9628
-20.2311
-17.9516
-18.663
-16.2113
-19.5194
-17.983
-18.5459
-18.752
-18.0522
-19.3763
-17.3269
-18.9441
-17.577
-17.9137
-19.8991
-18.7984
-17.251
-19.2987
-16.8442
-21.676
-17.663
-18.5731
-19.636
-19.0317
-17.7638
-20.2566
-17.2168
-17.0354
-16.8392
-18.3649
-19.0233
-18.0996
-17.7448
-18.3751
-16.3585
-17.7003
-17.8665
-16.9354
-18.7402
-19.7789
-18.284
-17.4258
-18.4462
-19.108
-17.6558
-15.5225
-19.2059
-18.0265
-17.892
-17.7356
-17.0883
-18.0878
-17.8077
-19.0409
-16.8042
-17.2503
-17.2384
-18.1981
-19.5558
-18.2125
-17.6318
-18.3558
-17.4533
-17.0455
-16.9133
-18.9154
-18.7962
-17.7035
-18.5762
-18.6377
-17.2806
-17.5766
-18.0793
-18.2821
-18.052
-17.7694
-18.4151
-18.7434
-17.3663
-17.103
-18.2068
-18.0981
-17.4311
-18.5494
-18.0252
-18.282
-17.6675
-18.5088
-17.8102
-16.5151
-17.8654
-17.2693
-17.7656
-18.5742
-18.7449
-18.22
-21.1305
-18.9659
-18.4299
-17.8099
-19.7281
-17.948
-17.406
-17.9011
-17.9933
-17.697
-18.4208
-17.9528
-18.7559
-19.6967
-16.5219
-16.8085
-18.3158
-17.6353
-18.058
-17.8934
-16.8525
-17.6664
-18.1691
-17.8075
-17.9037
-17.3287
-16.5365
-18.1929
-17.4409
-17.9917
-17.7579
-18.0084
-16.5136
-15.8108
-20.0007
-17.7372
-20.8993
-18.5138
-17.5584
-18.625
-17.3473
-18.2551
-17.7101
-17.7148
-17.4568
-17.5218
-17.5387
-18.7489
-18.6776
-17.0985
-18.7007
-17.8412
-18.1991
-17.5301
-17.7042
-16.7944
-17.7023
-19.7515
-17.2229
-18.3655
-18.8991
-18.0809
-16.6505
-18.5329
-17.7109
-17.8407
-15.7727
-18.2321
-18.3727
-17.4453
-17.2481
-17.8145
-18.2819
-17.2012
-18.0823
-17.3986
-18.212
-17.0807
-17.8007
-15.7715
-17.1441
-18.776
-17.7848
-18.1464
-21.8845
-18.4052
-17.5653
-17.7638
-17.3146
-19.6429
-17.1141
-17.7422
-17.4983
-18.7061
-20.4116
-17.5876
-16.8225
-18.4129
-15.2105
-16.9056
-20.0862
-17.6878
-18.314
-19.667
-17.1516
-16.0673
-21.0343
-19.505
-19.2432
-19.4251
-20.1238
-15.6227
-17.821
-16.9418
-17.3964
-18.066
-17.7558
-17.878
-19.2417
-18.1133
-19.9411
-16.5935
-16.4347
-19.0185
-18.4571
-16.4432
-17.9146
-18.2656
-15.5828
-17.8444
-16.518
-18.149
-18.1882
-18.4122
-19.2669
-17.148
-18.6954
-21.3595
-17.0218
-17.5921
-18.5942
-18.1222
-19.6249
-20.2173
-17.9496
-17.9685
-18.6282
-17.0193
-17.2732
-18.9238
-17.6005
-17.5359
-17.6229
-17.4214
-17.0867
-21.3018
-17.3281
-19.3369
-17.2889
-18.6958
-19.5099
-18.1167
-18.161
-17.9855
-18.5703
-17.516
-18.7431
-16.2765
-17.6505
-18.1828
-19.0855
-17.2254
-17.7907
-16.2815
-17.6687
-18.1249
-17.3573
-17.8094
-19.0427
-16.578
-17.6179
-17.7453
-15.9979
-17.0715
-18.6186
-18.5072
-16.7379
-19.5289
-18.3813
-17.3286
-17.847
-18.7375
-18.1571
-18.5032
-17.9731
-17.5078
-14.5009
-19.125
-17.7363
-19.76
-18.143
-17.5061
-17.6248
-17.8458
-17.4402
-20.5221
-17.3371
-16.963
-17.5079
-17.3543
-17.9102
-22.5988
-17.0235
-16.2792
-17.5339
-17.0925
-18.243
-18.3066
-17.1836
-16.991
-18.29
-17.6339
-21.6322
-17.9971
-16.9634
-16.5745
-19.7534
-18.6503
-16.1598
-17.9697
-20.988
-17.8832
-17.6818
-17.6129
-18.0822
-16.5318
-16.9807
-21.0973
-17.5581
-18.6645
-18.1253
-16.1189
-16.6164
-17.4018
-18.6962
-18.2837
-17.0229
-18.0171
-18.6166
-18.0805
-19.775
-17.0349
-17.8089
-21.0981
-18.0272
-18.3938
-20.5198
-17.5259
-18.7957
-21.3364
-18.713
-19.6757
-18.4138
-16.9263
-17.3492
-19.394
-17.3274
-18.258
-17.7116
-20.0492
-16.762
-17.8125
-17.8063
-17.5582
-18.1562
-17.982
-20.9112
-18.7734
-17.0623
-19.2257
-17.9073
-17.7224
-18.3239
-17.787
-16.7802
-17.511
-17.3783
-16.1524
-18.6339
-18.7858
-17.722
-17.5073
-17.8016
-17.7781
-17.3647
-17.5699
-17.742
-17.0622
-17.8533
-17.6843
-20.8077
-17.4862
-18.1844
-18.7971
-17.7075
-17.4239
-18.3437
-17.4178
-18.7479
-18.1386
-17.7829
-17.5556
-16.6588
-18.0179
-17.7259
-18.2935
-19.7506
-17.9301
-19.4673
-19.6893
-18.1127
-18.3791
-17.9378
-18.9835
-17.082
-17.7399
-18.7225
-16.0196
-19.0656
-18.0588
-18.0903
-17.7397
-17.0518
-17.2603
-18.3951
-17.5479
-18.0855
-17.7566
-18.0867
-17.9281
-17.6674
-19.6197
-18.0888
-23.0075
-20.0684
-17.9026
-19.1768
-22.6826
-18.3082
-16.5884
-18.059
-16.2627
-18.1257
-17.1248
-16.8675
-20.1659
-18.4371
-17.4847
-18.2861
-17.978
-18.8775
-19.144
-18.272
-16.8645
-16.8549
-17.5834
-18.9817
-18.5872
-17.2366
-18.1268
-17.4493
-17.1591
-18.1422
-17.2203
-17.9419
-17.9678
-19.3154
-17.0278
-20.0885
-17.8524
-17.737
-17.5353
-18.5281
-16.6325
-16.5689
-17.9366
-17.8978
-17.6315
-18.1178
-18.8159
-17.5262
-17.1855
-17.6585
-17.8717
-20.9687
-19.2109
-16.5162
-17.7182
-17.3095
-19.2792
-18.0397
-17.7354
-19.1194
-18.5926
-17.8587
-18.148
-19.1124
-18.4546
-17.928
-16.0916
-17.5167
-17.3225
-24.737
-18.4724
-17.3742
-17.6804
-18.4964
-17.5333
-17.5378
-17.6489
-17.4214
-18.7341
-17.4121
-17.4734
-19.7141
-16.9578
-16.8263
-17.8028
-17.8129
-18.1933
-18.3107
-19.0214
-17.317
-18.3911
-17.6889
-17.8169
-18.1945
-17.3726
-18.2058
-17.4245
-16.6204
-17.4761
-20.5974
-18.1051
-19.1449
-17.9257
-17.7715
-19.1873
-18.8889
-19.4096
-18.95
-18.0193
-16.6023
-16.8998
-18.7762
-18.9453
-20.2411
-17.9006
-16.6949
-17.4691
-18.7056
-18.915
-17.7913
-19.2572
-18.3134
-16.7876
-17.7505
-17.7543
-19.3178
-15.9052
-17.4967
-20.3737
-18.965
-17.0897
-19.4493
-19.6216
-17.2904
-17.9448
-17.8022
-17.2161
-18.1837
-16.9026
-17.1748
-17.7216
-17.9668
-18.129
-17.4259
-18.0942
-19.4454
-18.4926
-16.4427
-17.3246
-17.5427
-17.081
-17.9221
-18.7863
-19.1924
-17.2346
-19.319
-16.91
-17.2126
-15.3107
-17.7513
-17.1618
-17.6343
-16.312
-17.1013
-19.1652
-18.5243
-17.6294
-16.329
-17.3745
-18.2495
-18.3938
-16.9498
-20.3968
-18.4475
-18.1132
-18.7758
-15.7717
-20.4187
-17.5756
-18.1622
-18.2295
-16.911
-17.346
-18.0941
-17.7604
-18.5721
-17.2454
-17.5077
-17.6466
-16.786
-17.5177
-16.8054
-17.3261
-18.2129
-17.4809
-17.9006
-18.1796
-17.5083
-17.3937
-18.0984
-17.0495
-17.83
-18.2444
-17.5307
-17.6987
-16.991
-19.7296
-17.7451
-18.7988
-17.5218
-19.3622
-18.2449
-17.4307
-17.8143
-17.9105
-17.8422
-19.0805
-18.7222
-16.7734
-18.3011
-18.2074
-17.548
-17.3537
-18.3494
-17.6753
-17.4418
-18.1186
-18.072
-17.9675
-17.6188
-17.6303
-17.5124
-17.3612
-20.5458
-18.0203
-18.4905
-17.6067
-17.9363
-18.5427
-16.3431
-17.3923
-19.171
-18.373
-20.1039
-19.7151
-18.6281
-18.046
-18.7542
-16.9056
-18.1651
-16.7739
-17.7132
-17.6935
-17.6818
-19.5167
-17.0321
-18.2229
-18.3124
-19.0034
-16.9364
-17.1771
-17.4443
-17.2695
-17.4587
-18.2843
-17.5379
-18.7554
-17.2167
-16.5794
-19.4823
-16.4056
-17.4856
-17.3785
-17.0111
-20.3852
-17.8657
-18.8003
-19.4624
-18.1931
-17.5717
-18.7156
-18.2274
-17.6961
-16.7535
-18.596
-17.9811
-18.2547
-16.9014
-17.7037
-18.2786
-18.0892
-19.1231
-17.7816
-18.9733
-17.6795
-17.286
-17.5158
-18.4552
-18.0037
-18.9461
-17.2472
-18.5353
-17.5123
-17.6582
-18.9526
-19.2607
-18.2226
-17.7666
-17.2814
-17.8545
-17.2462
-15.8862
-17.5422
-17.2719
-16.9454
-17.5067
-17.739
-17.879
-18.3467
-17.3952
-17.4853
-19.0401
-17.0031
-18.4081
-19.098
-17.7613
-19.0064
-18.7434
-16.2227
-18.5396
-18.5824
-16.5898
-18.8273
-17.5669
-19.9219
-17.8796
-19.4689
-17.755
-18.3039
-17.9153
-16.1782
-17.3285
-19.2078
-18.0414
-20.3505
-19.3543
-18.3531
-21.1849
-18.8673
-17.0782
-18.8825
-17.2844
-16.7352
-17.341
-17.9786
-19.0002
-17.6942
-18.0419
-20.7064
-17.9712
-17.9468
-20.0736
-17.3161
-17.0419
-18.2934
-20.9887
-17.8723
-17.8067
-17.9357
-18.7242
-19.7559
-16.7066
-18.802
-17.6956
-18.0021
-18.6237
-18.3155
-16.5181
-19.054
-17.5822
-18.5635
-17.6436
-17.9452
-16.4816
-17.8344
-17.704
-16.9113
-17.2546
-19.0594
-18.0201
-16.6748
-17.7673
-19.122
-18.0419
-16.5225
-17.7975
-19.9414
-18.1787
-16.5026
-18.2075
-18.2755
-18.8576
-16.3512
-17.6791
-16.8368
-17.8211
-16.3159
-18.3087
-20.3853
-17.7162
-18.5038
-17.5873
-17.6494
-17.4271
-16.4685
-17.6754
-17.5365
-18.0366
-17.8718
-18.0656
-17.8411
-18.2323
-17.9798
-17.0192
-17.7096
-17.5828
-16.6246
-15.974
-18.106
-17.6443
-16.8931
-18.0251
-19.0691
-16.5755
-16.0396
-18.3589
-17.0195
-18.373
-17.6443
-17.2936
-17.7724
-19.8173
-20.7072
-19.2826
-17.3858
-18.9767
-18.2155
-17.9331
-18.1605
-17.8865
-17.2535
-17.1664
-17.6884
-18.0977
-17.8804
-17.2257
-17.4887
-15.4482
-18.9109
-18.9774
-17.3681
-17.5324
-17.9607
-17.7032
-21.2882
-17.5434
-18.5132
-18.8248
-18.0657
-18.0347
-17.8091
-18.4194
-19.7107
-19.4494
-17.8202
-18.975
-17.8419
-18.6834
-17.9432
-17.2274
-17.6388
-17.0966
-18.378
-17.0608
-17.7152
-17.1949
-17.4394
-16.6264
-17.726
-18.7014
-17.9708
-18.8427
-16.7296
-18.1124
-18.5638
-18.2196
-17.2359
-18.2532
-16.3468
-18.0176
-18.0183
-19.6497
-18.1972
-17.8411
-18.5999
-17.9358
-15.9523
-18.4902
-17.7239
-18.5325
-17.5652
-18.4411
-22.2381
-19.158
-15.9407
-18.1754
-17.5975
-16.8704
-16.2253
-17.6997
-18.2112
-17.2329
-18.5797
-19.9957
-17.2848
-19.5524
-18.0305
-18.7756
-17.7707
-17.9462
-15.9283
-17.6067
-17.2014
-18.3642
-17.0883
-16.514
-18.2521
-18.4707
-18.5606
-18.7076
-18.016
-19.0544
-18.0754
-17.2522
-17.8187
-17.0413
-18.4989
-17.9434
-17.5453
-17.8121
-18.5077
-18.4117
-19.0221
-17.477
-17.2937
-17.2852
-17.8594
-18.212
-16.7993
-18.4464
-17.4835
-18.1988
-18.8072
-18.1288
-18.1121
-17.3537
-17.1678
-17.1884
-17.0725
-17.4372
-17.9161
-18.0811
-19.3341
-17.7647
-19.6119
-17.7736
-17.9446
-17.4936
-18.4659
-19.158
-17.208
-17.6194
-17.4997
-17.584
-18.3886
-18.5828
-18.8582
-17.3017
-17.9596
-19.0423
-17.5572
-16.2926
-17.6192
-20.1264
-18.4707
-17.4837
-17.132
-17.3115
-17.2656
-17.8088
-19.2804
-17.4365
-22.8213
-18.042
-17.6124
-17.5261
-18.6593
-15.9851
-17.9408
-15.3427
-18.149
-19.5038
-18.5386
-18.9007
-17.8079
-16.8884
-18.9196
-16.8844
-17.649
-18.2404
-17.8585
-17.7325
-17.0482
-17.9206
-17.7882
-17.6734
-17.7941
-16.9551
-20.1628
-19.2543
-16.551
-17.7442
-18.1365
-18.5499
-17.861
-17.7141
-16.8743
-18.3146
-17.2062
-18.7894
-18.3367
-18.0688
-17.2087
-16.8999
-17.114
-17.3863
-17.3799
-16.6902
-18.0784
-17.3377
-17.2286
-17.6381
-17.4685
-18.1492
-18.8196
-18.4161
-16.9018
-20.2855
-17.5763
-18.5837
-16.5564
-19.4318
-18.6204
-17.9052
-18.0587
-17.9899
-18.1866
-17.0442
-17.3857
-18.0527
-18.4874
-18.0215
-18.6076
-17.9042
-16.175
-18.3453
-17.647
-18.2952
-17.8345
-18.1107
-18.0659
-17.4903
-16.884
-18.9095
-17.2403
-17.9121
-17.0506
-17.6854
-17.5872
-18.9175
-17.4368
-18.0567
-20.2739
-18.479
-16.9066
-17.7046
-18.2657
-17.8906
-18.0446
-20.8667
-18.6753
-18.8758
-16.8308
-20.2744
-17.9183
-18.2787
-18.1553
-19.5021
-16.1646
-17.6322
-17.0946
-18.3666
-17.626
-18.4641
-18.1518
-17.3423
-17.8363
-19.7348
-19.4452
-17.6515
-19.7073
-17.5278
-17.7712
-18.4685
-19.5538
-16.7824
-17.0205
-17.266
-17.5133
-17.8146
-18.8185
-17.294
-19.3464
-16.6388
-17.0307
-18.0802
-18.0969
-17.8857
-17.2682
-17.7833
-19.3724
-18.2092
-16.9267
-17.465
-17.7339
-17.1559
-18.2478
-17.4495
-18.848
-17.1483
-17.6369
-17.7866
-18.547
-16.9943
-17.0249
-16.2684
-18.1616
-18.161
-19.8702
-19.0563
-17.7383
-19.8105
-18.4315
-18.1531
-18.3074
-18.8578
-19.6002
-17.2015
-18.16
-18.1829
-18.8211
-17.2108
-18.0358
-17.0788
-17.9872
-18.6237
-17.2351
-17.598
-18.9144
-17.2922
-18.5058
-17.5288
-18.9608
-18.7631
-16.6201
-17.2242
-18.1671
-18.386
-17.079
-18.1026
-18.9643
-16.733
-16.4944
-19.27
-17.8178
-17.7896
-18.2699
-18.0053
-18.45
-17.1798
-17.0123
-17.2798
-18.1841
-18.3305
-17.7489
-17.5033
-17.2293
-17.1236
-18.7774
-17.9512
-18.4244
-18.7177
-18.0161
-17.3797
-16.9321
-17.6658
-18.2435
-16.7296
-19.034
-17.2474
-18.1024
-18.2368
-17.9422
-18.0123
-19.0618
-17.6152
-18.3628
-18.5686
-18.2952
-18.613
-18.2873
-18.4337
-16.4985
-18.1977
-18.1666
-18.2978
-17.4588
-17.822
-18.5854
-17.31
-18.0939
-18.2675
-17.1581
-17.6147
-18.8062
-17.9036
-16.7876
-17.9227
-18.2554
-18.3046
-20.0159
-17.782
-18.9013
-16.9294
-17.6999
-18.894
-17.6908
-18.6574
-17.205
-18.3415
-17.9987
-17.4206
-17.7472
-17.6965
-18.0451
-16.9705
-17.8571
-15.6817
-17.6644
-17.9462
-18.5155
-16.6192
-19.1863
-17.4964
-17.3822
-17.3447
-18.0977
-19.0635
-17.0024
-18.1936
-18.639
-17.3169
-18.2272
-17.2117
-17.2161
-19.1207
-17.8393
-17.9521
-17.3741
-17.3128
-18.8535
-17.936
-17.6661
-17.8573
-18.1049
-16.9491
-15.996
-17.2842
-17.978
-17.5191
-17.2717
-18.0095
-18.4477
-16.2656
-18.2075
-18.2195
-16.3528
-18.5568
-18.3919
-19.532
-18.6732
-19.22
-19.8662
-17.9318
-17.4353
-17.3643
-18.9777
-17.9616
-18.2749
-17.9306
-17.9682
-16.614
-17.1311
-18.079
-18.1245
-17.9169
-18.3546
-18.1745
-17.0684
-19.0174
-17.7521
-18.0539
-18.107
-17.8258
-18.4416
-17.4011
-18.2628
-17.8223
-16.6435
-17.9841
-18.1773
-18.6557
-19.1069
-17.3694
-17.1799
-17.6998
-17.3018
-18.048
-18.2239
-18.3796
-17.864
-17.0103
-19.5138
-17.3244
-17.1283
-18.6147
-18.0874
-18.0789
-20.6522
-17.963
-19.5361
-18.4289
-17.445
-17.4858
-19.6122
-17.2739
-17.3706
-16.5909
-16.7173
-18.1868
-19.1403
-17.5904
-17.7009
-17.4043
-17.8452
-17.8504
-17.7976
-17.7739
-15.9342
-19.0877
-16.5974
-17.6401
-18.3625
-18.2437
-17.4552
-18.9183
-17.0923
-18.2876
-18.7434
-17.3168
-17.4387
-18.0518
-17.245
-18.1981
-18.5012
-17.4934
-19.0656
-17.624
-17.5526
-17.4735
-17.5151
-16.9298
-18.2309
-17.2358
-16.7693
-19.0795
-17.2694
-18.0563
-17.4001
-21.5889
-18.2033
-18.592
-18.2892
-18.6556
-16.9438
-17.6668
-17.489
-18.0336
-17.2786
-18.4838
-18.2429
-16.7066
-17.7603
-17.7577
-18.9247
-21.146
-19.7113
-16.1444
-17.4348
-18.1395
-17.6381
-16.6445
-16.9076
-17.6578
-17.4397
-17.7583
-16.8613
-17.7408
-17.1784
-17.4089
-17.0914
-18.112
-17.5645
-17.8318
-17.5971
-18.4928
-18.4453
-17.6544
-17.4193
-19.849
-18.0763
-17.2357
-18.385
-17.3628
-17.7503
-17.9272
-17.874
-17.4838
-17.74
-19.1552
-17.3278
-19.4523
-17.6143
-18.1619
-17.6914
-17.2214
-18.4701
-19.6873
-17.64
-17.5747
-17.9931
-18.5129
-18.1735
-15.0174
-18.2122
-18.9067
-17.9696
-16.5519
-18.0317
-20.0483
-17.8028
-21.147
-18.0546
-17.7899
-17.8687
-15.078
-18.3876
-17.6015
-17.6075
-15.5913
-17.2491
-18.4909
-17.7036
-18.1765
-17.6918
-17.1084
-17.7129
-17.4243
-17.3767
-17.3371
-17.6792
-17.3813
-18.3974
-20.1084
-17.413
-17.8162
-18.016
-19.4367
-16.8268
-16.336
-19.0494
-17.235
-19.6529
-17.1372
-17.8647
-17.6664
-18.5317
-18.3187
-18.5482
-18.198
-15.4076
-19.6313
-16.7318
-17.5166
-17.9178
-21.1531
-18.1116
-16.8335
-16.2073
-18.2057
-17.8144
-17.3928
-17.985
-16.777
-17.6929
-18.7219
-16.7168
-17.8515
-17.397
-19.343
-17.7417
-19.1258
-19.9973
-18.5077
-17.9425
-17.1853
-18.6814
-16.3301
-18.1162
-17.666
-15.3987
-17.9384
-17.4211
-18.2252
-19.0328
-18.5232
-16.7727
-18.3406
-17.3193
-17.7736
-18.5246
-17.2944
-17.3988
-18.6577
-18.1921
-18.37
-17.2077
-17.9242
-17.7874
-19.318
-17.9424
-18.078
-17.5577
-17.9082
-17.122
-16.5924
-17.4918
-18.0469
-16.3669
-17.7938
-17.92
-18.0108
-19.9222
-17.9096
-17.81
-17.4848
-17.1133
-16.9159
-17.519
-17.6847
-16.8768
-17.6904
-17.3519
-17.0194
-18.1501
-17.3893
-17.8124
-17.8957
-18.0809
-17.8572
-18.0259
-18.3842
-19.97
-18.2595
-18.1499
-20.0356
-20.5405
-17.9369
-21.1594
-17.5898
-19.0714
-16.4852
-16.8497
-16.5534
-16.3325
-18.0958
-19.5216
-18.0124
-17.4148
-18.3668
-17.6751
-18.8436
-17.6351
-17.903
-18.736
-19.7191
-17.643
-18.6104
-18.1133
-19.8398
-20.4803
-17.7807
-17.7817
-16.0488
-17.473
-17.4567
-19.149
-20.6904
-17.3792
-17.6503
-18.4729
-17.4752
-19.7773
-17.6857
-19.102
-20.3214
-18.0171
-18.8161
-17.2419
-18.2897
-17.5449
-18.6386
-17.7611
-18.5847
-17.151
-17.4238
-18.2307
-17.4805
-17.3222
-17.6611
-19.272
-17.1391
-16.0829
-17.4187
-17.4291
-18.1203
-17.3218
-18.0935
-17.9099
-16.7721
-20.0916
-17.2866
-16.53
-17.4718
-17.1599
-17.1773
-17.2249
-16.238
-18.6846
-17.6662
-19.6097
-20.8162
-18.0334
-18.7509
-18.8216
-20.7993
-19.4487
-16.7843
-19.3047
-18.2909
-17.7234
-17.1163
-16.816
-17.8446
-17.318
-18.9616
-17.3461
-17.426
-17.5286
-18.4465
-17.4348
-19.1842
-19.5528
-16.3845
-17.2488
-19.0337
-17.3907
-16.7196
-18.1024
-19.2445
-17.0877
-17.1989
-18.0145
-18.4788
-18.0083
-17.7583
-18.3819
-19.8201
-18.1567
-17.0389
-17.5401
-17.4251
-16.6417
-17.9978
-18.5886
-18.0478
-18.5858
-18.36
-17.1996
-17.8577
-17.4592
-18.0045
-17.7292
-16.9134
-17.0247
-18.9313
-17.2509
-18.4689
-18.4108
-17.5067
-17.362
-18.4175
-18.8448
-19.05
-16.8636
-20.371
-17.9616
-20.1966
-17.7023
-17.0079
-19.8796
-17.4347
-18.3192
-19.5979
-17.1747
-19.3181
-18.5235
-18.4464
-17.2668
-18.154
-16.4846
-17.9379
-18.5375
-16.8676
-18.6959
-20.0459
-17.859
-18.0083
-17.8569
-17.9189
-16.622
-17.7879
-18.1017
-17.4629
-17.7848
-17.518
-17.0284
-17.6042
-20.6326
-17.3467
-17.4239
-17.4467
-17.6492
-18.9626
-20.4343
-22.5263
-16.959
-18.1433
-17.9959
-18.5755
-18.0278
-19.3552
-16.1195
-18.1202
-16.9903
-17.8534
-18.3985
-16.9251
-18.0178
-20.091
-19.1305
-19.8036
-18.063
-17.4045
-18.2561
-17.0536
-18.5333
-20.4322
-18.2897
-18.2249
-17.3756
-17.3569
-17.8376
-18.1658
-19.3432
-17.039
-17.3536
-18.4631
-19.4067
-19.1824
-17.0742
-18.3962
-18.5131
-17.9731
-18.1627
-16.9782
-17.2374
-17.4829
-18.9281
-18.2321
-18.8036
-18.8093
-17.4596
-17.8643
-19.934
-19.5564
-17.7769
-18.2293
-17.4093
-18.1214
-16.2431
-20.4499
-18.1989
-18.6102
-18.1926
-16.6585
-17.0371
-21.4944
-19.4746
-17.9723
-17.5553
-19.5113
-18.6278
-17.3353
-17.5783
-17.9829
-18.4628
-18.5495
-17.0536
-19.6163
-17.564
-18.2477
-21.2243
-18.1395
-16.1167
-17.1272
-18.7595
-18.6362
-16.2254
-19.2057
-18.1365
-17.7813
-18.9494
-16.7719
-17.8519
-18.2219
-18.2019
-17.4428
-15.5971
-17.3028
-18.3916
-18.6612
-18.0193
-18.4366
-17.7811
-17.9936
-19.0664
-17.4076
-18.0145
-17.1554
-17.3332
-17.5097
-17.2081
-18.2816
-18.0129
-18.3745
-18.6682
-18.0548
-18.5114
-17.2304
-17.0487
-17.5721
-18.32
-16.8849
-17.6823
-16.4168
-17.8985
-18.0507
-16.8797
-17.4418
-17.4078
-16.576
-17.8424
-17.76
-18.246
-17.9298
-18.1609
-18.5817
-17.0274
-17.3554
-18.4878
-18.3021
-17.6179
-18.2628
-19.1315
-17.4646
-16.6808
-19.0685
-19.7932
-18.5073
-17.792
-18.0592
-18.2816
-18.2136
-18.0009
-16.9003
-17.9484
-18.3578
-18.4735
-18.1449
-18.4667
-16.8473
-16.2845
-17.9071
-17.067
-17.4655
-16.7861
-18.0939
-17.1895
-17.1316
-16.9123
-17.4998
-17.5776
-18.3549
-18.656
-16.7763
-17.3095
-19.3927
-17.3616
-20.0635
-19.6308
-17.2325
-17.9698
-18.4975
-18.1659
-17.0982
-15.9929
-17.7505
-22.7633
-16.7412
-17.3988
-17.5591
-17.7359
-20.1273
-19.3145
-17.3108
-17.7031
-16.4205
-17.9815
-17.7126
-20.032
-18.8593
-17.2165
-17.3542
-22.1809
-17.1161
-16.9705
-20.7679
-16.7502
-18.0101
-16.5559
-19.5631
-17.4355
-18.5216
-17.5966
-18.0003
-18.4372
-18.1422
-16.629
-17.7334
-18.3894
-17.2286
-18.2635
-17.6032
-19.0031
-17.5102
-20.4753
-18.4197
-19.5201
-16.9303
-17.9554
-18.2491
-16.8336
-17.1523
-18.22
-17.5008
-17.7497
-19.3771
-18.007
-17.6391
-18.7504
-17.5349
-19.6533
-16.4538
-18.2686
-18.3213
-19.1946
-17.2655
-16.4704
-18.8401
-17.3826
-17.2195
-18.4842
-20.0558
-17.1765
-18.1452
-17.5683
-17.9384
-16.9764
-17.261
-18.0618
-17.4485
-17.7186
-17.7109
-17.5784
-19.7468
-17.1785
-17.5695
-17.6202
-17.4082
-18.2168
-17.9071
-18.4422
-17.3372
-19.1617
-18.3084
-17.4296
-17.5997
-17.0092
-17.9681
-17.8142
-17.9187
-17.7996
-18.4299
-18.4679
-18.3641
-17.6886
-17.7432
-18.9164
-17.7395
-17.7124
-17.2119
-18.1097
-17.8749
-17.9841
-15.7196
-16.4649
-17.3013
-17.4136
-16.9818
-17.308
-17.2942
-18.0557
-17.9857
-17.6935
-16.7298
-18.5899
-19.1004
-18.1774
-17.1102
-18.3279
-20.7373
-17.5017
-17.5454
-16.744
-17.6498
-17.734
-17.1808
-16.0405
-18.1304
-17.6331
-17.4423
-19.4248
-17.8715
-18.2097
-18.1879
-19.5772
-16.5166
-22.9874
-16.0229
-18.3281
-18.0805
-18.8078
-20.8
-16.9157
-18.1905
-16.838
-17.6243
-17.5995
-18.4452
-18.2133
-16.8076
-19.6119
-17.4657
-17.8355
-17.8434
-17.8578
-18.6565
-18.1864
-17.1548
-17.666
-18.5745
-18.1814
-19.1673
-18.3465
-19.4328
-18.4078
-15.7444
-20.4307
-16.2883
-18.1455
-18.1324
-17.2429
-16.6486
-18.1899
-16.5908
-17.475
-17.4863
-18.274
-18.3714
-17.9905
-16.7305
-17.8556
-19.6751
-20.6733
-18.8599
-18.1445
-16.3401
-18.012
-18.8803
-17.3678
-17.3814
-16.9901
-17.1309
-17.3291
-18.9347
-20.1003
-18.0149
-16.3766
-19.7846
-19.1377
-18.4232
-20.6093
-18.2242
-20.6862
-18.5154
-16.6524
-18.635
-17.8239
-19.0001
-16.4556
-16.9411
-17.9078
-17.9605
-17.9383
-18.3224
-18.9419
-18.0843
-17.0644
-16.6234
-16.1674
-17.8087
-17.6896
-18.2388
-19.618
-17.781
-16.9478
-17.0397
-17.5905
-17.4979
-19.754
-18.2328
-18.3083
-19.1469
-18.3571
-19.5818
-17.6532
-20.0165
-17.4144
-17.9733
-18.087
-18.0875
-17.5571
-17.308
-17.6621
-17.4574
-19.3658
-18.2174
-20.4833
-17.6543
-18.0617
-16.4911
-18.1059
-15.6006
-17.1789
-20.267
-19.3694
-17.9647
-17.2185
-18.0045
-17.7573
-17.0029
-18.5973
-16.8372
-18.0645
-18.0126
-15.46
-18.2706
-17.1403
-16.9759
-18.9517
-19.0324
-16.9502
-20.0436
-16.9763
-17.4584
-20.8814
-16.8213
-17.5415
-18.0633
-18.1915
-17.5364
-17.9801
-18.7126
-19.4352
-19.6222
-18.2347
-16.4476
-17.6894
-16.7705
-18.3541
-19.6814
-18.2061
-17.5003
-17.306
-18.0482
-17.8264
-17.7157
-16.1818
-16.795
-18.2362
-15.2238
-18.0867
-17.678
-18.1839
-17.3979
-18.2864
-19.2704
-17.9874
-18.7311
-18.7025
-19.4983
-22.7986
-17.9808
-18.0309
-17.5325
-17.2054
-18.897
-17.4622
-17.2468
-18.3363
-23.2531
-18.7697
-17.6979
-18.3639
-16.6022
-17.4274
-18.2622
-18.9023
-17.3564
-17.7494
-17.7005
-17.4473
-16.63
-18.9441
-17.6328
-18.1235
-17.616
-18.0049
-17.4424
-17.653
-19.0503
-18.1678
-18.7157
-19.6908
-19.788
-18.8179
-18.5612
-17.3835
-18.2187
-17.3355
-18.9171
-16.7523
-16.8062
-16.5123
-18.0236
-18.0083
-17.0581
-18.4792
-17.8637
-17.992
-17.3623
-17.6929
-17.3503
-19.6591
-22.2939
-17.7501
-19.0059
-18.4583
-16.9843
-17.9836
-17.5785
-16.92
-18.49
-20.0002
-19.0244
-17.8035
-16.7319
-18.7057
-18.0696
-18.4091
-18.1526
-18.8454
-17.0686
-18.0335
-19.7134
-22.0893
-19.0241
-16.6669
-16.7192
-17.7918
-18.144
-16.7401
-17.961
-17.8262
-18.4876
-17.639
-19.9982
-17.5415
-17.3523
-19.1808
-17.4241
-19.7563
-17.0674
-17.5717
-17.8632
-17.8732
-17.9981
-18.5319
-18.1858
-17.9112
-17.618
-18.0706
-18.3443
-18.1507
-16.3999
-16.9255
-16.3575
-17.386
-17.1971
-17.3173
-18.1941
-18.0445
-18.7353
-17.9595
-19.5633
-19.2133
-17.8557
-22.4474
-17.7703
-17.2113
-17.7631
-17.0504
-18.5252
-17.5769
-17.4005
-17.4639
-16.2225
-17.6174
-18.3932
-17.6923
-16.9445
-16.7263
-16.4963
-16.9268
-17.4022
-17.4794
-18.5838
-19.2299
-18.3904
-17.5948
-17.4872
-18.0058
-22.177
-18.0282
-17.2018
-16.3719
-17.5864
-19.4011
-18.39
-17.4562
-17.0189
-17.7667
-18.2583
-17.7498
-18.4479
-17.7402
-18.0032
-17.1056
-20.245
-17.7293
-17.1404
-18.107
-18.1423
-18.5392
-19.0596
-17.3249
-20.1138
-17.562
-17.231
-17.0001
-17.2095
-19.3977
-16.4451
-18.1674
-19.5415
-18.7854
-17.6978
-18.3383
-17.5264
-17.9089
-16.8006
-18.767
-17.9845
-17.1797
-18.4084
-18.4805
-19.0459
-17.7982
-17.6997
-18.2234
-19.3824
-17.4046
-17.8164
-17.5038
-18.9331
-17.6062
-19.9987
-17.4377
-17.3055
-17.9754
-18.6677
-16.9309
-21.4007
-17.3411
-17.8667
-16.8345
-18.7324
-18.1328
-17.0569
-17.214
-17.9643
-16.9759
-17.5756
-16.8838
-17.3525
-18.9664
-17.2146
-17.2542
-18.1483
-19.3816
-16.0314
-17.7898
-17.9554
-17.4305
-17.4836
-17.577
-16.9979
-18.9749
-18.2857
-18.4412
-18.3585
-18.7974
-17.8355
-17.5494
-18.1949
-17.1114
-15.5517
-18.7235
-17.3259
-16.6881
-18.233
-19.6455
-18.3828
-16.7617
-18.1594
-17.9232
-19.0699
-17.141
-18.0505
-18.5512
-18.0932
-17.1004
-17.7643
-17.0857
-15.8231
-17.1205
-17.8965
-19.6992
-19.6636
-17.2174
-17.1742
-17.0947
-16.0038
-17.6419
-15.2935
-16.386
-17.9638
-17.1603
-17.8124
-17.9479
-15.9898
-17.7089
-20.5349
-17.6592
-19.4416
-18.0189
-17.2718
-18.453
-19.3207
-18.5183
-16.9884
-17.4493
-16.672
-18.3301
-17.9983
-18.0507
-16.4741
-18.2311
-17.1237
-16.0784
-17.8436
-17.1867
-17.7558
-19.1359
-21.8964
-17.4201
-17.7678
-19.1323
-17.5203
-18.5046
-16.5976
-16.9952
-16.6983
-17.9982
-19.912
-17.4999
-17.176
-18.956
-18.2296
-19.4398
-17.088
-17.3709
-16.7744
-18.6821
-17.6817
-17.7794
-18.8918